_ws.col.Time,_ws.col.Source,_ws.col.Destination,_ws.col.Protocol,_ws.col.Length,_ws.col.Info
"0.000000","172.19.0.3","5.9.29.183","TLSv1.2","599","Application Data"
"0.000318","5.9.29.183","172.19.0.3","TCP","56","9002 → 43520 [ACK] Seq=1 Ack=544 Win=65535 Len=0"
"0.833960","5.9.29.183","172.19.0.3","TLSv1.2","599","Application Data"
"0.834046","172.19.0.3","5.9.29.183","TCP","56","43520 → 9002 [ACK] Seq=544 Ack=544 Win=11911 Len=0"
"0.834905","172.19.0.3","5.9.29.183","TLSv1.2","2141","Application Data"
"0.835268","5.9.29.183","172.19.0.3","TCP","56","9002 → 43520 [ACK] Seq=544 Ack=2004 Win=65535 Len=0"
"0.835349","5.9.29.183","172.19.0.3","TCP","56","9002 → 43520 [ACK] Seq=544 Ack=2629 Win=65535 Len=0"
"1.756739","5.9.29.183","172.19.0.3","TCP","1516","[TCP segment of a reassembled PDU]"
"1.756819","5.9.29.183","172.19.0.3","TLSv1.2","167","Application Data"
"1.757015","172.19.0.3","5.9.29.183","TCP","56","43520 → 9002 [ACK] Seq=2629 Ack=2115 Win=11901 Len=0"
"1.760958","172.19.0.3","5.9.29.183","TLSv1.2","599","Application Data"
"1.761246","5.9.29.183","172.19.0.3","TCP","56","9002 → 43520 [ACK] Seq=2115 Ack=3172 Win=65535 Len=0"
"2.187206","5.9.29.183","172.19.0.3","TLSv1.2","599","Application Data"
"2.187685","172.19.0.3","5.9.29.183","TLSv1.2","599","Application Data"
"2.187889","5.9.29.183","172.19.0.3","TCP","56","9002 → 43520 [ACK] Seq=2658 Ack=3715 Win=65535 Len=0"
"2.619852","5.9.29.183","172.19.0.3","TCP","1516","[TCP segment of a reassembled PDU]"
"2.619882","5.9.29.183","172.19.0.3","TCP","560","9002 → 43520 [PSH, ACK] Seq=4118 Ack=3715 Win=65535 Len=504 [TCP segment of a reassembled PDU]"
"2.619888","5.9.29.183","172.19.0.3","TCP","1516","9002 → 43520 [PSH, ACK] Seq=4622 Ack=3715 Win=65535 Len=1460 [TCP segment of a reassembled PDU]"
"2.619892","5.9.29.183","172.19.0.3","TLSv1.2","259","Application Data"
"2.620000","172.19.0.3","5.9.29.183","TCP","56","43520 → 9002 [ACK] Seq=3715 Ack=6285 Win=11885 Len=0"
"2.635667","5.9.29.183","172.19.0.3","TCP","1504","[TCP segment of a reassembled PDU]"
"2.635963","5.9.29.183","172.19.0.3","TCP","1516","9002 → 43520 [PSH, ACK] Seq=7733 Ack=3715 Win=65535 Len=1460 [TCP segment of a reassembled PDU]"
"2.635973","172.19.0.3","5.9.29.183","TCP","56","43520 → 9002 [ACK] Seq=3715 Ack=9193 Win=11911 Len=0"
"2.635977","5.9.29.183","172.19.0.3","TLSv1.2","775","Application Data"
"2.664246","5.9.29.183","172.19.0.3","TLSv1.2","599","Application Data"
"2.664380","172.19.0.3","5.9.29.183","TCP","56","43520 → 9002 [ACK] Seq=3715 Ack=10455 Win=11911 Len=0"
"2.741685","5.9.29.183","172.19.0.3","TCP","1516","[TCP segment of a reassembled PDU]"
"2.741710","5.9.29.183","172.19.0.3","TCP","1492","9002 → 43520 [PSH, ACK] Seq=11915 Ack=3715 Win=65535 Len=1436 [TCP segment of a reassembled PDU]"
"2.741719","5.9.29.183","172.19.0.3","TLSv1.2","787","Application Data"
"2.741798","172.19.0.3","5.9.29.183","TCP","56","43520 → 9002 [ACK] Seq=3715 Ack=14082 Win=11895 Len=0"
"2.749533","5.9.29.183","172.19.0.3","TCP","1504","[TCP segment of a reassembled PDU]"
"2.749564","5.9.29.183","172.19.0.3","TCP","1516","9002 → 43520 [PSH, ACK] Seq=15530 Ack=3715 Win=65535 Len=1460 [TCP segment of a reassembled PDU]"
"2.749577","172.19.0.3","5.9.29.183","TCP","56","43520 → 9002 [ACK] Seq=3715 Ack=16990 Win=11903 Len=0"
"2.749579","5.9.29.183","172.19.0.3","TLSv1.2","1516","Application Data [TCP segment of a reassembled PDU]"
"2.749684","5.9.29.183","172.19.0.3","TCP","1480","9002 → 43520 [PSH, ACK] Seq=18450 Ack=3715 Win=65535 Len=1424 [TCP segment of a reassembled PDU]"
"2.749766","172.19.0.3","5.9.29.183","TCP","56","43520 → 9002 [ACK] Seq=3715 Ack=19874 Win=11887 Len=0"
"2.756803","5.9.29.183","172.19.0.3","TCP","1504","9002 → 43520 [PSH, ACK] Seq=19874 Ack=3715 Win=65535 Len=1448 [TCP segment of a reassembled PDU]"
"2.756968","5.9.29.183","172.19.0.3","TLSv1.2","584","Application Data"
"2.756986","172.19.0.3","5.9.29.183","TCP","56","43520 → 9002 [ACK] Seq=3715 Ack=21850 Win=11903 Len=0"
"2.763395","5.9.29.183","172.19.0.3","TCP","1504","[TCP segment of a reassembled PDU]"
"2.765044","5.9.29.183","172.19.0.3","TCP","1504","9002 → 43520 [PSH, ACK] Seq=23298 Ack=3715 Win=65535 Len=1448 [TCP segment of a reassembled PDU]"
"2.765071","172.19.0.3","5.9.29.183","TCP","56","43520 → 9002 [ACK] Seq=3715 Ack=24746 Win=11911 Len=0"
"2.765306","5.9.29.183","172.19.0.3","TLSv1.2","1516","Application Data [TCP segment of a reassembled PDU]"
"2.765319","5.9.29.183","172.19.0.3","TCP","1516","9002 → 43520 [PSH, ACK] Seq=26206 Ack=3715 Win=65535 Len=1460 [TCP segment of a reassembled PDU]"
"2.765323","5.9.29.183","172.19.0.3","TCP","1480","9002 → 43520 [PSH, ACK] Seq=27666 Ack=3715 Win=65535 Len=1424 [TCP segment of a reassembled PDU]"
"2.765395","172.19.0.3","5.9.29.183","TCP","56","43520 → 9002 [ACK] Seq=3715 Ack=29090 Win=11885 Len=0"
"2.767142","5.9.29.183","172.19.0.3","TLSv1.2","1504","Application Data [TCP segment of a reassembled PDU]"
"2.767408","172.19.0.3","5.9.29.183","TLSv1.2","599","Application Data"
"2.767687","5.9.29.183","172.19.0.3","TCP","56","9002 → 43520 [ACK] Seq=30538 Ack=4258 Win=65535 Len=0"
"2.772332","5.9.29.183","172.19.0.3","TCP","1516","9002 → 43520 [PSH, ACK] Seq=30538 Ack=4258 Win=65535 Len=1460 [TCP segment of a reassembled PDU]"
"2.772367","5.9.29.183","172.19.0.3","TLSv1.2","789","Application Data"
"2.772506","172.19.0.3","5.9.29.183","TCP","56","43520 → 9002 [ACK] Seq=4258 Ack=32731 Win=11911 Len=0"
"2.783363","5.9.29.183","172.19.0.3","TCP","1504","[TCP segment of a reassembled PDU]"
"2.787385","5.9.29.183","172.19.0.3","TLSv1.2","693","Application Data"
"2.787407","172.19.0.3","5.9.29.183","TCP","56","43520 → 9002 [ACK] Seq=4258 Ack=34816 Win=11911 Len=0"
"2.841636","5.9.29.183","172.19.0.3","TCP","1504","[TCP segment of a reassembled PDU]"
"2.841739","5.9.29.183","172.19.0.3","TCP","1504","9002 → 43520 [PSH, ACK] Seq=36264 Ack=4258 Win=65535 Len=1448 [TCP segment of a reassembled PDU]"
"2.841797","5.9.29.183","172.19.0.3","TLSv1.2","787","Application Data"
"2.841871","172.19.0.3","5.9.29.183","TCP","56","43520 → 9002 [ACK] Seq=4258 Ack=38443 Win=11895 Len=0"
"2.881101","5.9.29.183","172.19.0.3","TCP","1516","[TCP segment of a reassembled PDU]"
"2.881133","5.9.29.183","172.19.0.3","TCP","1516","9002 → 43520 [PSH, ACK] Seq=39903 Ack=4258 Win=65535 Len=1460 [TCP segment of a reassembled PDU]"
"2.881150","172.19.0.3","5.9.29.183","TCP","56","43520 → 9002 [ACK] Seq=4258 Ack=41363 Win=11903 Len=0"
"2.881154","5.9.29.183","172.19.0.3","TLSv1.2","763","Application Data"
"2.890049","5.9.29.183","172.19.0.3","TCP","1516","[TCP segment of a reassembled PDU]"
"2.890073","172.19.0.3","5.9.29.183","TCP","56","43520 → 9002 [ACK] Seq=4258 Ack=43530 Win=11911 Len=0"
"2.890088","5.9.29.183","172.19.0.3","TCP","1516","9002 → 43520 [PSH, ACK] Seq=43530 Ack=4258 Win=65535 Len=1460 [TCP segment of a reassembled PDU]"
"2.890095","5.9.29.183","172.19.0.3","TLSv1.2","1480","Application Data [TCP segment of a reassembled PDU]"
"2.890099","5.9.29.183","172.19.0.3","TCP","1516","9002 → 43520 [PSH, ACK] Seq=46414 Ack=4258 Win=65535 Len=1460 [TCP segment of a reassembled PDU]"
"2.890297","5.9.29.183","172.19.0.3","TCP","1492","9002 → 43520 [PSH, ACK] Seq=47874 Ack=4258 Win=65535 Len=1436 [TCP segment of a reassembled PDU]"
"2.890337","172.19.0.3","5.9.29.183","TCP","56","43520 → 9002 [ACK] Seq=4258 Ack=49310 Win=11879 Len=0"
"2.890598","172.19.0.3","5.9.29.183","TLSv1.2","599","Application Data"
"2.890833","5.9.29.183","172.19.0.3","TCP","56","9002 → 43520 [ACK] Seq=49310 Ack=4801 Win=65535 Len=0"
"2.896322","5.9.29.183","172.19.0.3","TLSv1.2","1516","Application Data [TCP segment of a reassembled PDU]"
"2.896352","5.9.29.183","172.19.0.3","TLSv1.2","181","Application Data"
"2.896368","172.19.0.3","5.9.29.183","TCP","56","43520 → 9002 [ACK] Seq=4801 Ack=50895 Win=11903 Len=0"
"2.903114","5.9.29.183","172.19.0.3","TCP","1504","[TCP segment of a reassembled PDU]"
"2.905129","5.9.29.183","172.19.0.3","TCP","1504","9002 → 43520 [PSH, ACK] Seq=52343 Ack=4801 Win=65535 Len=1448 [TCP segment of a reassembled PDU]"
"2.905158","172.19.0.3","5.9.29.183","TCP","56","43520 → 9002 [ACK] Seq=4801 Ack=53791 Win=11911 Len=0"
"2.905444","5.9.29.183","172.19.0.3","TLSv1.2","1516","Application Data [TCP segment of a reassembled PDU]"
"2.905457","5.9.29.183","172.19.0.3","TCP","1516","9002 → 43520 [PSH, ACK] Seq=55251 Ack=4801 Win=65535 Len=1460 [TCP segment of a reassembled PDU]"
"2.905461","5.9.29.183","172.19.0.3","TCP","1516","9002 → 43520 [PSH, ACK] Seq=56711 Ack=4801 Win=65535 Len=1460 [TCP segment of a reassembled PDU]"
"2.905464","5.9.29.183","172.19.0.3","TLSv1.2","1468","Application Data [TCP segment of a reassembled PDU]"
"2.905520","172.19.0.3","5.9.29.183","TCP","56","43520 → 9002 [ACK] Seq=4801 Ack=59583 Win=11879 Len=0"
"2.905775","172.19.0.3","5.9.29.183","TLSv1.2","599","Application Data"
"2.906135","5.9.29.183","172.19.0.3","TCP","56","9002 → 43520 [ACK] Seq=59583 Ack=5344 Win=65535 Len=0"
"2.911475","5.9.29.183","172.19.0.3","TCP","1504","9002 → 43520 [PSH, ACK] Seq=59583 Ack=5344 Win=65535 Len=1448 [TCP segment of a reassembled PDU]"
"2.911503","5.9.29.183","172.19.0.3","TCP","1504","9002 → 43520 [PSH, ACK] Seq=61031 Ack=5344 Win=65535 Len=1448 [TCP segment of a reassembled PDU]"
"2.911517","172.19.0.3","5.9.29.183","TCP","56","43520 → 9002 [ACK] Seq=5344 Ack=62479 Win=11903 Len=0"
"2.921681","5.9.29.183","172.19.0.3","TLSv1.2","1516","Application Data, Application Data"
"2.921706","5.9.29.183","172.19.0.3","TCP","1492","9002 → 43520 [PSH, ACK] Seq=63939 Ack=5344 Win=65535 Len=1436 [TCP segment of a reassembled PDU]"
"2.921720","172.19.0.3","5.9.29.183","TCP","56","43520 → 9002 [ACK] Seq=5344 Ack=65375 Win=11903 Len=0"
"2.921861","5.9.29.183","172.19.0.3","TCP","1504","9002 → 43520 [PSH, ACK] Seq=65375 Ack=5344 Win=65535 Len=1448 [TCP segment of a reassembled PDU]"
"2.922018","5.9.29.183","172.19.0.3","TLSv1.2","750","Application Data, Application Data"
"2.922072","172.19.0.3","5.9.29.183","TCP","56","43520 → 9002 [ACK] Seq=5344 Ack=67517 Win=11887 Len=0"
"2.944461","5.9.29.183","172.19.0.3","TCP","1516","[TCP segment of a reassembled PDU]"
"2.944500","5.9.29.183","172.19.0.3","TCP","1237","9002 → 43520 [PSH, ACK] Seq=68977 Ack=5344 Win=65535 Len=1181 [TCP segment of a reassembled PDU]"
"2.944569","172.19.0.3","5.9.29.183","TCP","56","43520 → 9002 [ACK] Seq=5344 Ack=70158 Win=11903 Len=0"
"2.944715","5.9.29.183","172.19.0.3","TLSv1.2","1492","Application Data"
"2.959898","5.9.29.183","172.19.0.3","TLSv1.2","149","Application Data"
"2.959923","172.19.0.3","5.9.29.183","TCP","56","43520 → 9002 [ACK] Seq=5344 Ack=71687 Win=11911 Len=0"
"2.960605","172.19.0.3","5.9.29.183","TLSv1.2","599","Application Data"
"2.960966","5.9.29.183","172.19.0.3","TCP","56","9002 → 43520 [ACK] Seq=71687 Ack=5887 Win=65535 Len=0"
"2.970483","172.19.0.3","5.9.29.183","TLSv1.2","599","Application Data"
"2.970992","5.9.29.183","172.19.0.3","TCP","56","9002 → 43520 [ACK] Seq=71687 Ack=6430 Win=65535 Len=0"
"3.009314","5.9.29.183","172.19.0.3","TLSv1.2","599","Application Data"
"3.054071","172.19.0.3","5.9.29.183","TCP","56","43520 → 9002 [ACK] Seq=6430 Ack=72230 Win=11911 Len=0"
"3.597681","5.9.29.183","172.19.0.3","TLSv1.2","599","Application Data"
"3.597761","172.19.0.3","5.9.29.183","TCP","56","43520 → 9002 [ACK] Seq=6430 Ack=72773 Win=11911 Len=0"
"3.598417","172.19.0.3","5.9.29.183","TLSv1.2","599","Application Data"
"3.598618","5.9.29.183","172.19.0.3","TCP","56","9002 → 43520 [ACK] Seq=72773 Ack=6973 Win=65535 Len=0"
"4.153436","5.9.29.183","172.19.0.3","TCP","1516","[TCP segment of a reassembled PDU]"
"4.153472","5.9.29.183","172.19.0.3","TCP","1516","9002 → 43520 [PSH, ACK] Seq=74233 Ack=6973 Win=65535 Len=1460 [TCP segment of a reassembled PDU]"
"4.153484","5.9.29.183","172.19.0.3","TLSv1.2","763","Application Data"
"4.153620","172.19.0.3","5.9.29.183","TCP","56","43520 → 9002 [ACK] Seq=6973 Ack=76400 Win=11895 Len=0"
"4.163246","5.9.29.183","172.19.0.3","TCP","1504","[TCP segment of a reassembled PDU]"
"4.163634","5.9.29.183","172.19.0.3","TCP","1516","9002 → 43520 [PSH, ACK] Seq=77848 Ack=6973 Win=65535 Len=1460 [TCP segment of a reassembled PDU]"
"4.163649","172.19.0.3","5.9.29.183","TCP","56","43520 → 9002 [ACK] Seq=6973 Ack=79308 Win=11911 Len=0"
"4.163655","5.9.29.183","172.19.0.3","TLSv1.2","1492","Application Data [TCP segment of a reassembled PDU]"
"4.169316","5.9.29.183","172.19.0.3","TLSv1.2","396","Application Data"
"4.169344","172.19.0.3","5.9.29.183","TCP","56","43520 → 9002 [ACK] Seq=6973 Ack=81084 Win=11911 Len=0"
"4.266208","5.9.29.183","172.19.0.3","TCP","1516","[TCP segment of a reassembled PDU]"
"4.266401","5.9.29.183","172.19.0.3","TCP","1492","9002 → 43520 [PSH, ACK] Seq=82544 Ack=6973 Win=65535 Len=1436 [TCP segment of a reassembled PDU]"
"4.266416","172.19.0.3","5.9.29.183","TCP","56","43520 → 9002 [ACK] Seq=6973 Ack=83980 Win=11911 Len=0"
"4.266514","5.9.29.183","172.19.0.3","TLSv1.2","787","Application Data"
"4.276802","5.9.29.183","172.19.0.3","TCP","1516","[TCP segment of a reassembled PDU]"
"4.276827","172.19.0.3","5.9.29.183","TCP","56","43520 → 9002 [ACK] Seq=6973 Ack=86171 Win=11911 Len=0"
"4.276843","5.9.29.183","172.19.0.3","TCP","1492","9002 → 43520 [PSH, ACK] Seq=86171 Ack=6973 Win=65535 Len=1436 [TCP segment of a reassembled PDU]"
"4.277027","5.9.29.183","172.19.0.3","TLSv1.2","1516","Application Data [TCP segment of a reassembled PDU]"
"4.277034","5.9.29.183","172.19.0.3","TCP","1492","9002 → 43520 [PSH, ACK] Seq=89067 Ack=6973 Win=65535 Len=1436 [TCP segment of a reassembled PDU]"
"4.277115","172.19.0.3","5.9.29.183","TCP","56","43520 → 9002 [ACK] Seq=6973 Ack=90503 Win=11887 Len=0"
"4.281611","5.9.29.183","172.19.0.3","TCP","1516","9002 → 43520 [PSH, ACK] Seq=90503 Ack=6973 Win=65535 Len=1460 [TCP segment of a reassembled PDU]"
"4.281646","5.9.29.183","172.19.0.3","TLSv1.2","572","Application Data"
"4.281663","172.19.0.3","5.9.29.183","TCP","56","43520 → 9002 [ACK] Seq=6973 Ack=92479 Win=11903 Len=0"
"4.314053","5.9.29.183","172.19.0.3","TCP","1504","[TCP segment of a reassembled PDU]"
"4.314082","5.9.29.183","172.19.0.3","TCP","1516","9002 → 43520 [PSH, ACK] Seq=93927 Ack=6973 Win=65535 Len=1460 [TCP segment of a reassembled PDU]"
"4.314097","172.19.0.3","5.9.29.183","TCP","56","43520 → 9002 [ACK] Seq=6973 Ack=95387 Win=11903 Len=0"
"4.314099","5.9.29.183","172.19.0.3","TLSv1.2","1225","Application Data"
"4.314103","5.9.29.183","172.19.0.3","TCP","1504","[TCP segment of a reassembled PDU]"
"4.314263","5.9.29.183","172.19.0.3","TCP","1516","9002 → 43520 [PSH, ACK] Seq=98004 Ack=6973 Win=65535 Len=1460 [TCP segment of a reassembled PDU]"
"4.314289","5.9.29.183","172.19.0.3","TLSv1.2","1492","Application Data [TCP segment of a reassembled PDU]"
"4.314370","172.19.0.3","5.9.29.183","TCP","56","43520 → 9002 [ACK] Seq=6973 Ack=100900 Win=11869 Len=0"
"4.314840","172.19.0.3","5.9.29.183","TLSv1.2","1113","Application Data"
"4.315133","5.9.29.183","172.19.0.3","TCP","56","9002 → 43520 [ACK] Seq=100900 Ack=8030 Win=65535 Len=0"
"4.315266","5.9.29.183","172.19.0.3","TCP","1516","9002 → 43520 [PSH, ACK] Seq=100900 Ack=8030 Win=65535 Len=1460 [TCP segment of a reassembled PDU]"
"4.315277","5.9.29.183","172.19.0.3","TCP","1516","9002 → 43520 [PSH, ACK] Seq=102360 Ack=8030 Win=65535 Len=1460 [TCP segment of a reassembled PDU]"
"4.315285","172.19.0.3","5.9.29.183","TCP","56","43520 → 9002 [ACK] Seq=8030 Ack=103820 Win=11903 Len=0"
"4.315380","5.9.29.183","172.19.0.3","TLSv1.2","1480","Application Data [TCP segment of a reassembled PDU]"
"4.330324","5.9.29.183","172.19.0.3","TCP","1516","9002 → 43520 [PSH, ACK] Seq=105244 Ack=8030 Win=65535 Len=1460 [TCP segment of a reassembled PDU]"
"4.330347","172.19.0.3","5.9.29.183","TCP","56","43520 → 9002 [ACK] Seq=8030 Ack=106704 Win=11911 Len=0"
"4.330377","5.9.29.183","172.19.0.3","TCP","1492","9002 → 43520 [PSH, ACK] Seq=106704 Ack=8030 Win=65535 Len=1436 [TCP segment of a reassembled PDU]"
"4.330523","5.9.29.183","172.19.0.3","TLSv1.2","1504","Application Data, Application Data"
"4.330532","5.9.29.183","172.19.0.3","TLSv1.2","83","Application Data"
"4.330607","172.19.0.3","5.9.29.183","TCP","56","43520 → 9002 [ACK] Seq=8030 Ack=109615 Win=11893 Len=0"
"4.365968","5.9.29.183","172.19.0.3","TCP","1516","[TCP segment of a reassembled PDU]"
"4.366000","5.9.29.183","172.19.0.3","TCP","1516","9002 → 43520 [PSH, ACK] Seq=111075 Ack=8030 Win=65535 Len=1460 [TCP segment of a reassembled PDU]"
"4.366016","172.19.0.3","5.9.29.183","TCP","56","43520 → 9002 [ACK] Seq=8030 Ack=112535 Win=11903 Len=0"
"4.366020","5.9.29.183","172.19.0.3","TLSv1.2","249","Application Data"
"4.392901","5.9.29.183","172.19.0.3","TCP","1516","[TCP segment of a reassembled PDU]"
"4.392928","172.19.0.3","5.9.29.183","TCP","56","43520 → 9002 [ACK] Seq=8030 Ack=114188 Win=11911 Len=0"
"4.393131","5.9.29.183","172.19.0.3","TCP","1516","9002 → 43520 [PSH, ACK] Seq=114188 Ack=8030 Win=65535 Len=1460 [TCP segment of a reassembled PDU]"
"4.393141","5.9.29.183","172.19.0.3","TLSv1.2","763","Application Data"
"4.393202","172.19.0.3","5.9.29.183","TCP","56","43520 → 9002 [ACK] Seq=8030 Ack=116355 Win=11895 Len=0"
"4.426602","5.9.29.183","172.19.0.3","TCP","1504","[TCP segment of a reassembled PDU]"
"4.426680","5.9.29.183","172.19.0.3","TCP","1516","9002 → 43520 [PSH, ACK] Seq=117803 Ack=8030 Win=65535 Len=1460 [TCP segment of a reassembled PDU]"
"4.426698","172.19.0.3","5.9.29.183","TCP","56","43520 → 9002 [ACK] Seq=8030 Ack=119263 Win=11903 Len=0"
"4.426702","5.9.29.183","172.19.0.3","TLSv1.2","1516","Application Data [TCP segment of a reassembled PDU]"
"4.426706","5.9.29.183","172.19.0.3","TCP","1516","9002 → 43520 [PSH, ACK] Seq=120723 Ack=8030 Win=65535 Len=1460 [TCP segment of a reassembled PDU]"
"4.426823","5.9.29.183","172.19.0.3","TCP","1201","9002 → 43520 [PSH, ACK] Seq=122183 Ack=8030 Win=65535 Len=1145 [TCP segment of a reassembled PDU]"
"4.427021","172.19.0.3","5.9.29.183","TCP","56","43520 → 9002 [ACK] Seq=8030 Ack=123328 Win=11879 Len=0"
"4.441548","5.9.29.183","172.19.0.3","TLSv1.2","1516","Application Data, Application Data"
"4.441583","5.9.29.183","172.19.0.3","TCP","1516","9002 → 43520 [PSH, ACK] Seq=124788 Ack=8030 Win=65535 Len=1460 [TCP segment of a reassembled PDU]"
"4.441603","172.19.0.3","5.9.29.183","TCP","56","43520 → 9002 [ACK] Seq=8030 Ack=126248 Win=11901 Len=0"
"4.441608","5.9.29.183","172.19.0.3","TCP","1480","9002 → 43520 [PSH, ACK] Seq=126248 Ack=8030 Win=65535 Len=1424 [TCP segment of a reassembled PDU]"
"4.441840","5.9.29.183","172.19.0.3","TLSv1.2","1504","Application Data [TCP segment of a reassembled PDU]"
"4.441848","5.9.29.183","172.19.0.3","TCP","1504","9002 → 43520 [PSH, ACK] Seq=129120 Ack=8030 Win=65535 Len=1448 [TCP segment of a reassembled PDU]"
"4.442001","172.19.0.3","5.9.29.183","TCP","56","43520 → 9002 [ACK] Seq=8030 Ack=130568 Win=11877 Len=0"
"4.442209","5.9.29.183","172.19.0.3","TCP","1516","9002 → 43520 [PSH, ACK] Seq=130568 Ack=8030 Win=65535 Len=1460 [TCP segment of a reassembled PDU]"
"4.442217","5.9.29.183","172.19.0.3","TLSv1.2","1516","Application Data [TCP segment of a reassembled PDU]"
"4.442274","5.9.29.183","172.19.0.3","TCP","1480","9002 → 43520 [PSH, ACK] Seq=133488 Ack=8030 Win=65535 Len=1424 [TCP segment of a reassembled PDU]"
"4.442373","5.9.29.183","172.19.0.3","TCP","838","9002 → 43520 [PSH, ACK] Seq=134912 Ack=8030 Win=65535 Len=782 [TCP segment of a reassembled PDU]"
"4.442440","172.19.0.3","5.9.29.183","TCP","56","43520 → 9002 [ACK] Seq=8030 Ack=135694 Win=11845 Len=0"
"4.442523","5.9.29.183","172.19.0.3","TCP","722","9002 → 43520 [PSH, ACK] Seq=135694 Ack=8030 Win=65535 Len=666 [TCP segment of a reassembled PDU]"
"4.442710","172.19.0.3","5.9.29.183","TLSv1.2","599","Application Data"
"4.443009","5.9.29.183","172.19.0.3","TCP","56","9002 → 43520 [ACK] Seq=136360 Ack=8573 Win=65535 Len=0"
"4.443017","5.9.29.183","172.19.0.3","TLSv1.2","1504","Application Data [TCP segment of a reassembled PDU]"
"4.457938","5.9.29.183","172.19.0.3","TCP","1504","9002 → 43520 [PSH, ACK] Seq=137808 Ack=8573 Win=65535 Len=1448 [TCP segment of a reassembled PDU]"
"4.457985","172.19.0.3","5.9.29.183","TCP","56","43520 → 9002 [ACK] Seq=8573 Ack=139256 Win=11911 Len=0"
"4.458260","5.9.29.183","172.19.0.3","TCP","1516","9002 → 43520 [PSH, ACK] Seq=139256 Ack=8573 Win=65535 Len=1460 [TCP segment of a reassembled PDU]"
"4.458358","5.9.29.183","172.19.0.3","TLSv1.2","1516","Application Data, Application Data"
"4.458365","5.9.29.183","172.19.0.3","TCP","1516","9002 → 43520 [PSH, ACK] Seq=142176 Ack=8573 Win=65535 Len=1460 [TCP segment of a reassembled PDU]"
"4.458414","5.9.29.183","172.19.0.3","TCP","1516","9002 → 43520 [PSH, ACK] Seq=143636 Ack=8573 Win=65535 Len=1460 [TCP segment of a reassembled PDU]"
"4.458419","5.9.29.183","172.19.0.3","TLSv1.2","1456","Application Data [TCP segment of a reassembled PDU]"
"4.458422","5.9.29.183","172.19.0.3","TCP","1516","9002 → 43520 [PSH, ACK] Seq=146496 Ack=8573 Win=65535 Len=1460 [TCP segment of a reassembled PDU]"
"4.458425","5.9.29.183","172.19.0.3","TCP","1492","9002 → 43520 [PSH, ACK] Seq=147956 Ack=8573 Win=65535 Len=1436 [TCP segment of a reassembled PDU]"
"4.458499","172.19.0.3","5.9.29.183","TCP","56","43520 → 9002 [ACK] Seq=8573 Ack=149392 Win=11855 Len=0"
"4.474104","5.9.29.183","172.19.0.3","TLSv1.2","1516","Application Data [TCP segment of a reassembled PDU]"
"4.474133","5.9.29.183","172.19.0.3","TLSv1.2","830","Application Data"
"4.474149","172.19.0.3","5.9.29.183","TCP","56","43520 → 9002 [ACK] Seq=8573 Ack=151626 Win=11901 Len=0"
"4.474547","172.19.0.3","5.9.29.183","TLSv1.2","599","Application Data"
"4.474914","5.9.29.183","172.19.0.3","TCP","56","9002 → 43520 [ACK] Seq=151626 Ack=9116 Win=65535 Len=0"
"4.477525","5.9.29.183","172.19.0.3","TCP","1504","[TCP segment of a reassembled PDU]"
"4.477752","5.9.29.183","172.19.0.3","TCP","1504","9002 → 43520 [PSH, ACK] Seq=153074 Ack=9116 Win=65535 Len=1448 [TCP segment of a reassembled PDU]"
"4.477774","172.19.0.3","5.9.29.183","TCP","56","43520 → 9002 [ACK] Seq=9116 Ack=154522 Win=11903 Len=0"
"4.485722","172.19.0.3","5.9.29.183","TLSv1.2","599","Application Data"
"4.486305","5.9.29.183","172.19.0.3","TCP","56","9002 → 43520 [ACK] Seq=154522 Ack=9659 Win=65535 Len=0"
"4.488934","5.9.29.183","172.19.0.3","TLSv1.2","787","Application Data"
"4.529005","172.19.0.3","5.9.29.183","TCP","56","43520 → 9002 [ACK] Seq=9659 Ack=155253 Win=11911 Len=0"
"4.539081","5.9.29.183","172.19.0.3","TCP","1516","[TCP segment of a reassembled PDU]"
"4.539113","5.9.29.183","172.19.0.3","TLSv1.2","681","Application Data"
"4.539275","172.19.0.3","5.9.29.183","TCP","56","43520 → 9002 [ACK] Seq=9659 Ack=157338 Win=11903 Len=0"
"4.544581","172.19.0.3","5.9.29.183","TLSv1.2","599","Application Data"
"4.544820","5.9.29.183","172.19.0.3","TCP","56","9002 → 43520 [ACK] Seq=157338 Ack=10202 Win=65535 Len=0"
"5.445357","5.9.29.183","172.19.0.3","TLSv1.2","599","Application Data"
"5.445963","172.19.0.3","5.9.29.183","TLSv1.2","599","Application Data"
"5.446342","5.9.29.183","172.19.0.3","TCP","56","9002 → 43520 [ACK] Seq=157881 Ack=10745 Win=65535 Len=0"
"5.878936","5.9.29.183","172.19.0.3","TCP","1516","[TCP segment of a reassembled PDU]"
"5.878970","5.9.29.183","172.19.0.3","TCP","1492","9002 → 43520 [PSH, ACK] Seq=159341 Ack=10745 Win=65535 Len=1436 [TCP segment of a reassembled PDU]"
"5.878978","5.9.29.183","172.19.0.3","TLSv1.2","787","Application Data"
"5.879104","172.19.0.3","5.9.29.183","TCP","56","43520 → 9002 [ACK] Seq=10745 Ack=161508 Win=11895 Len=0"
"5.893850","5.9.29.183","172.19.0.3","TCP","1504","[TCP segment of a reassembled PDU]"
"5.893990","5.9.29.183","172.19.0.3","TCP","1504","9002 → 43520 [PSH, ACK] Seq=162956 Ack=10745 Win=65535 Len=1448 [TCP segment of a reassembled PDU]"
"5.894021","172.19.0.3","5.9.29.183","TCP","56","43520 → 9002 [ACK] Seq=10745 Ack=164404 Win=11903 Len=0"
"5.894178","5.9.29.183","172.19.0.3","TLSv1.2","787","Application Data"
"5.941499","172.19.0.3","5.9.29.183","TCP","56","43520 → 9002 [ACK] Seq=10745 Ack=165135 Win=11911 Len=0"
"5.941788","5.9.29.183","172.19.0.3","TCP","1516","[TCP segment of a reassembled PDU]"
"5.941839","172.19.0.3","5.9.29.183","TCP","56","43520 → 9002 [ACK] Seq=10745 Ack=166595 Win=11911 Len=0"
"5.941854","5.9.29.183","172.19.0.3","TCP","1492","9002 → 43520 [PSH, ACK] Seq=166595 Ack=10745 Win=65535 Len=1436 [TCP segment of a reassembled PDU]"
"5.941866","172.19.0.3","5.9.29.183","TCP","56","43520 → 9002 [ACK] Seq=10745 Ack=168031 Win=11903 Len=0"
"5.941987","5.9.29.183","172.19.0.3","TLSv1.2","1237","Application Data"
"5.942000","172.19.0.3","5.9.29.183","TCP","56","43520 → 9002 [ACK] Seq=10745 Ack=169212 Win=11895 Len=0"
"5.957153","5.9.29.183","172.19.0.3","TLSv1.2","149","Application Data"
"5.957173","172.19.0.3","5.9.29.183","TCP","56","43520 → 9002 [ACK] Seq=10745 Ack=169305 Win=11911 Len=0"
"5.987695","5.9.29.183","172.19.0.3","TCP","1504","[TCP segment of a reassembled PDU]"
"5.987809","172.19.0.3","5.9.29.183","TCP","56","43520 → 9002 [ACK] Seq=10745 Ack=170753 Win=11911 Len=0"
"5.987973","5.9.29.183","172.19.0.3","TCP","1516","9002 → 43520 [PSH, ACK] Seq=170753 Ack=10745 Win=65535 Len=1460 [TCP segment of a reassembled PDU]"
"5.987983","172.19.0.3","5.9.29.183","TCP","56","43520 → 9002 [ACK] Seq=10745 Ack=172213 Win=11903 Len=0"
"5.987986","5.9.29.183","172.19.0.3","TLSv1.2","775","Application Data"
"5.987991","172.19.0.3","5.9.29.183","TCP","56","43520 → 9002 [ACK] Seq=10745 Ack=172932 Win=11898 Len=0"
"6.013795","5.9.29.183","172.19.0.3","TCP","1516","[TCP segment of a reassembled PDU]"
"6.013824","172.19.0.3","5.9.29.183","TCP","56","43520 → 9002 [ACK] Seq=10745 Ack=174392 Win=11911 Len=0"
"6.013835","5.9.29.183","172.19.0.3","TCP","1492","9002 → 43520 [PSH, ACK] Seq=174392 Ack=10745 Win=65535 Len=1436 [TCP segment of a reassembled PDU]"
"6.013842","172.19.0.3","5.9.29.183","TCP","56","43520 → 9002 [ACK] Seq=10745 Ack=175828 Win=11903 Len=0"
"6.014086","5.9.29.183","172.19.0.3","TLSv1.2","1516","Application Data [TCP segment of a reassembled PDU]"
"6.014104","172.19.0.3","5.9.29.183","TCP","56","43520 → 9002 [ACK] Seq=10745 Ack=177288 Win=11893 Len=0"
"6.014108","5.9.29.183","172.19.0.3","TCP","1516","9002 → 43520 [PSH, ACK] Seq=177288 Ack=10745 Win=65535 Len=1460 [TCP segment of a reassembled PDU]"
"6.014125","172.19.0.3","5.9.29.183","TCP","56","43520 → 9002 [ACK] Seq=10745 Ack=178748 Win=11885 Len=0"
"6.014127","5.9.29.183","172.19.0.3","TCP","1213","9002 → 43520 [PSH, ACK] Seq=178748 Ack=10745 Win=65535 Len=1157 [TCP segment of a reassembled PDU]"
"6.014138","172.19.0.3","5.9.29.183","TCP","56","43520 → 9002 [ACK] Seq=10745 Ack=179905 Win=11877 Len=0"
"6.027330","5.9.29.183","172.19.0.3","TLSv1.2","1516","Application Data [TCP segment of a reassembled PDU]"
"6.027355","172.19.0.3","5.9.29.183","TCP","56","43520 → 9002 [ACK] Seq=10745 Ack=181365 Win=11911 Len=0"
"6.027400","5.9.29.183","172.19.0.3","TCP","1516","9002 → 43520 [PSH, ACK] Seq=181365 Ack=10745 Win=65535 Len=1460 [TCP segment of a reassembled PDU]"
"6.027410","5.9.29.183","172.19.0.3","TCP","1516","9002 → 43520 [PSH, ACK] Seq=182825 Ack=10745 Win=65535 Len=1460 [TCP segment of a reassembled PDU]"
"6.027414","5.9.29.183","172.19.0.3","TLSv1.2","1468","Application Data [TCP segment of a reassembled PDU]"
"6.027513","5.9.29.183","172.19.0.3","TCP","1504","9002 → 43520 [PSH, ACK] Seq=185697 Ack=10745 Win=65535 Len=1448 [TCP segment of a reassembled PDU]"
"6.027586","172.19.0.3","5.9.29.183","TCP","56","43520 → 9002 [ACK] Seq=10745 Ack=187145 Win=11879 Len=0"
"6.028153","172.19.0.3","5.9.29.183","TLSv1.2","599","Application Data"
"6.028425","5.9.29.183","172.19.0.3","TCP","56","9002 → 43520 [ACK] Seq=187145 Ack=11288 Win=65535 Len=0"
"6.029265","5.9.29.183","172.19.0.3","TCP","1516","9002 → 43520 [PSH, ACK] Seq=187145 Ack=11288 Win=65535 Len=1460 [TCP segment of a reassembled PDU]"
"6.029277","5.9.29.183","172.19.0.3","TLSv1.2","1492","Application Data [TCP segment of a reassembled PDU]"
"6.029286","172.19.0.3","5.9.29.183","TCP","56","43520 → 9002 [ACK] Seq=11288 Ack=190041 Win=11903 Len=0"
"6.029763","5.9.29.183","172.19.0.3","TLSv1.2","568","Application Data"
"6.061364","5.9.29.183","172.19.0.3","TCP","1516","[TCP segment of a reassembled PDU]"
"6.061392","172.19.0.3","5.9.29.183","TCP","56","43520 → 9002 [ACK] Seq=11288 Ack=192013 Win=11911 Len=0"
"6.061404","5.9.29.183","172.19.0.3","TCP","1516","9002 → 43520 [PSH, ACK] Seq=192013 Ack=11288 Win=65535 Len=1460 [TCP segment of a reassembled PDU]"
"6.061411","5.9.29.183","172.19.0.3","TLSv1.2","763","Application Data"
"6.061572","172.19.0.3","5.9.29.183","TCP","56","43520 → 9002 [ACK] Seq=11288 Ack=194180 Win=11895 Len=0"
"6.106063","5.9.29.183","172.19.0.3","TCP","1516","[TCP segment of a reassembled PDU]"
"6.106092","5.9.29.183","172.19.0.3","TCP","1516","9002 → 43520 [PSH, ACK] Seq=195640 Ack=11288 Win=65535 Len=1460 [TCP segment of a reassembled PDU]"
"6.106113","172.19.0.3","5.9.29.183","TCP","56","43520 → 9002 [ACK] Seq=11288 Ack=197100 Win=11903 Len=0"
"6.106115","5.9.29.183","172.19.0.3","TLSv1.2","763","Application Data"
"6.132729","5.9.29.183","172.19.0.3","TCP","1516","[TCP segment of a reassembled PDU]"
"6.132756","172.19.0.3","5.9.29.183","TCP","56","43520 → 9002 [ACK] Seq=11288 Ack=199267 Win=11911 Len=0"
"6.132769","5.9.29.183","172.19.0.3","TCP","1492","9002 → 43520 [PSH, ACK] Seq=199267 Ack=11288 Win=65535 Len=1436 [TCP segment of a reassembled PDU]"
"6.132780","5.9.29.183","172.19.0.3","TCP","583","9002 → 43520 [PSH, ACK] Seq=200703 Ack=11288 Win=65535 Len=527 [TCP segment of a reassembled PDU]"
"6.132972","5.9.29.183","172.19.0.3","TLSv1.2","1516","Application Data [TCP segment of a reassembled PDU]"
"6.132985","5.9.29.183","172.19.0.3","TCP","698","9002 → 43520 [PSH, ACK] Seq=202690 Ack=11288 Win=65535 Len=642 [TCP segment of a reassembled PDU]"
"6.133057","172.19.0.3","5.9.29.183","TCP","56","43520 → 9002 [ACK] Seq=11288 Ack=203332 Win=11880 Len=0"
"6.148244","5.9.29.183","172.19.0.3","TLSv1.2","757","Application Data"
"6.148665","172.19.0.3","5.9.29.183","TLSv1.2","599","Application Data"
"6.149021","5.9.29.183","172.19.0.3","TCP","56","9002 → 43520 [ACK] Seq=204033 Ack=11831 Win=65535 Len=0"
"6.158485","172.19.0.3","5.9.29.183","TLSv1.2","599","Application Data"
"6.158733","5.9.29.183","172.19.0.3","TCP","56","9002 → 43520 [ACK] Seq=204033 Ack=12374 Win=65535 Len=0"
"6.982565","5.9.29.183","172.19.0.3","TLSv1.2","599","Application Data"
"6.983617","172.19.0.3","5.9.29.183","TLSv1.2","599","Application Data"
"6.983895","5.9.29.183","172.19.0.3","TCP","56","9002 → 43520 [ACK] Seq=204576 Ack=12917 Win=65535 Len=0"
"7.575430","5.9.29.183","172.19.0.3","TLSv1.2","599","Application Data"
"7.575627","5.9.29.183","172.19.0.3","TCP","1516","[TCP segment of a reassembled PDU]"
"7.575637","5.9.29.183","172.19.0.3","TCP","1492","9002 → 43520 [PSH, ACK] Seq=206579 Ack=12917 Win=65535 Len=1436 [TCP segment of a reassembled PDU]"
"7.575682","172.19.0.3","5.9.29.183","TCP","56","43520 → 9002 [ACK] Seq=12917 Ack=208015 Win=11893 Len=0"
"7.575865","5.9.29.183","172.19.0.3","TLSv1.2","1516","Application Data [TCP segment of a reassembled PDU]"
"7.575869","5.9.29.183","172.19.0.3","TCP","1516","9002 → 43520 [PSH, ACK] Seq=209475 Ack=12917 Win=65535 Len=1460 [TCP segment of a reassembled PDU]"
"7.575872","5.9.29.183","172.19.0.3","TCP","1480","9002 → 43520 [PSH, ACK] Seq=210935 Ack=12917 Win=65535 Len=1424 [TCP segment of a reassembled PDU]"
"7.575894","172.19.0.3","5.9.29.183","TCP","56","43520 → 9002 [ACK] Seq=12917 Ack=212359 Win=11869 Len=0"
"7.590930","5.9.29.183","172.19.0.3","TLSv1.2","613","Application Data, Application Data"
"7.616883","5.9.29.183","172.19.0.3","TCP","1504","[TCP segment of a reassembled PDU]"
"7.616906","172.19.0.3","5.9.29.183","TCP","56","43520 → 9002 [ACK] Seq=12917 Ack=214364 Win=11911 Len=0"
"7.616921","5.9.29.183","172.19.0.3","TCP","1504","9002 → 43520 [PSH, ACK] Seq=214364 Ack=12917 Win=65535 Len=1448 [TCP segment of a reassembled PDU]"
"7.617084","5.9.29.183","172.19.0.3","TLSv1.2","787","Application Data"
"7.617166","172.19.0.3","5.9.29.183","TCP","56","43520 → 9002 [ACK] Seq=12917 Ack=216543 Win=11895 Len=0"
"7.631303","5.9.29.183","172.19.0.3","TCP","1516","[TCP segment of a reassembled PDU]"
"7.631333","5.9.29.183","172.19.0.3","TCP","1492","9002 → 43520 [PSH, ACK] Seq=218003 Ack=12917 Win=65535 Len=1436 [TCP segment of a reassembled PDU]"
"7.631349","172.19.0.3","5.9.29.183","TCP","56","43520 → 9002 [ACK] Seq=12917 Ack=219439 Win=11903 Len=0"
"7.633984","5.9.29.183","172.19.0.3","TLSv1.2","1330","Application Data, Application Data"
"7.644377","5.9.29.183","172.19.0.3","TCP","1504","[TCP segment of a reassembled PDU]"
"7.644386","172.19.0.3","5.9.29.183","TCP","56","43520 → 9002 [ACK] Seq=12917 Ack=222161 Win=11911 Len=0"
"7.644689","5.9.29.183","172.19.0.3","TCP","1504","9002 → 43520 [PSH, ACK] Seq=222161 Ack=12917 Win=65535 Len=1448 [TCP segment of a reassembled PDU]"
"7.649444","5.9.29.183","172.19.0.3","TLSv1.2","1330","Application Data, Application Data"
"7.649465","172.19.0.3","5.9.29.183","TCP","56","43520 → 9002 [ACK] Seq=12917 Ack=224883 Win=11911 Len=0"
"7.728102","5.9.29.183","172.19.0.3","TCP","1516","[TCP segment of a reassembled PDU]"
"7.728133","5.9.29.183","172.19.0.3","TLSv1.2","1195","Application Data"
"7.728267","172.19.0.3","5.9.29.183","TCP","56","43520 → 9002 [ACK] Seq=12917 Ack=227482 Win=11903 Len=0"
"7.732331","172.19.0.3","5.9.29.183","TLSv1.2","599","Application Data"
"7.732570","5.9.29.183","172.19.0.3","TCP","56","9002 → 43520 [ACK] Seq=227482 Ack=13460 Win=65535 Len=0"
"8.497289","5.9.29.183","172.19.0.3","TLSv1.2","599","Application Data"
"8.498026","172.19.0.3","5.9.29.183","TLSv1.2","599","Application Data"
"8.498369","5.9.29.183","172.19.0.3","TCP","56","9002 → 43520 [ACK] Seq=228025 Ack=14003 Win=65535 Len=0"
"9.050025","5.9.29.183","172.19.0.3","TLSv1.2","599","Application Data"
"9.063325","5.9.29.183","172.19.0.3","TCP","1516","[TCP segment of a reassembled PDU]"
"9.063348","172.19.0.3","5.9.29.183","TCP","56","43520 → 9002 [ACK] Seq=14003 Ack=230028 Win=11911 Len=0"
"9.063364","5.9.29.183","172.19.0.3","TCP","1492","9002 → 43520 [PSH, ACK] Seq=230028 Ack=14003 Win=65535 Len=1436 [TCP segment of a reassembled PDU]"
"9.065168","5.9.29.183","172.19.0.3","TLSv1.2","787","Application Data"
"9.065191","172.19.0.3","5.9.29.183","TCP","56","43520 → 9002 [ACK] Seq=14003 Ack=232195 Win=11911 Len=0"
"9.102620","5.9.29.183","172.19.0.3","TCP","1516","[TCP segment of a reassembled PDU]"
"9.102640","5.9.29.183","172.19.0.3","TCP","1492","9002 → 43520 [PSH, ACK] Seq=233655 Ack=14003 Win=65535 Len=1436 [TCP segment of a reassembled PDU]"
"9.102646","5.9.29.183","172.19.0.3","TLSv1.2","787","Application Data"
"9.102756","172.19.0.3","5.9.29.183","TCP","56","43520 → 9002 [ACK] Seq=14003 Ack=235822 Win=11895 Len=0"
"9.106279","172.19.0.3","5.9.29.183","TLSv1.2","599","Application Data"
"9.106494","5.9.29.183","172.19.0.3","TCP","56","9002 → 43520 [ACK] Seq=235822 Ack=14546 Win=65535 Len=0"
"9.552338","5.9.29.183","172.19.0.3","TLSv1.2","599","Application Data"
"9.553091","172.19.0.3","5.9.29.183","TLSv1.2","599","Application Data"
"9.553400","5.9.29.183","172.19.0.3","TCP","56","9002 → 43520 [ACK] Seq=236365 Ack=15089 Win=65535 Len=0"
"10.302552","5.9.29.183","172.19.0.3","TCP","1516","[TCP segment of a reassembled PDU]"
"10.302587","5.9.29.183","172.19.0.3","TCP","1516","9002 → 43520 [PSH, ACK] Seq=237825 Ack=15089 Win=65535 Len=1460 [TCP segment of a reassembled PDU]"
"10.302596","5.9.29.183","172.19.0.3","TLSv1.2","763","Application Data"
"10.302829","172.19.0.3","5.9.29.183","TCP","56","43520 → 9002 [ACK] Seq=15089 Ack=239992 Win=11895 Len=0"
"10.324908","5.9.29.183","172.19.0.3","TCP","1516","[TCP segment of a reassembled PDU]"
"10.324946","5.9.29.183","172.19.0.3","TCP","1492","9002 → 43520 [PSH, ACK] Seq=241452 Ack=15089 Win=65535 Len=1436 [TCP segment of a reassembled PDU]"
"10.324963","172.19.0.3","5.9.29.183","TCP","56","43520 → 9002 [ACK] Seq=15089 Ack=242888 Win=11903 Len=0"
"10.325162","5.9.29.183","172.19.0.3","TLSv1.2","1237","Application Data"
"10.340257","5.9.29.183","172.19.0.3","TLSv1.2","663","Application Data"
"10.340273","172.19.0.3","5.9.29.183","TCP","56","43520 → 9002 [ACK] Seq=15089 Ack=244676 Win=11911 Len=0"
"10.395479","5.9.29.183","172.19.0.3","TCP","1516","[TCP segment of a reassembled PDU]"
"10.395507","5.9.29.183","172.19.0.3","TCP","1492","9002 → 43520 [PSH, ACK] Seq=246136 Ack=15089 Win=65535 Len=1436 [TCP segment of a reassembled PDU]"
"10.395515","5.9.29.183","172.19.0.3","TLSv1.2","787","Application Data"
"10.395634","172.19.0.3","5.9.29.183","TCP","56","43520 → 9002 [ACK] Seq=15089 Ack=248303 Win=11895 Len=0"
"10.437942","5.9.29.183","172.19.0.3","TCP","1504","[TCP segment of a reassembled PDU]"
"10.438107","5.9.29.183","172.19.0.3","TCP","1504","9002 → 43520 [PSH, ACK] Seq=249751 Ack=15089 Win=65535 Len=1448 [TCP segment of a reassembled PDU]"
"10.438126","172.19.0.3","5.9.29.183","TCP","56","43520 → 9002 [ACK] Seq=15089 Ack=251199 Win=11901 Len=0"
"10.438127","5.9.29.183","172.19.0.3","TLSv1.2","1516","Application Data [TCP segment of a reassembled PDU]"
"10.438161","5.9.29.183","172.19.0.3","TCP","1516","9002 → 43520 [PSH, ACK] Seq=252659 Ack=15089 Win=65535 Len=1460 [TCP segment of a reassembled PDU]"
"10.438235","5.9.29.183","172.19.0.3","TCP","1213","9002 → 43520 [PSH, ACK] Seq=254119 Ack=15089 Win=65535 Len=1157 [TCP segment of a reassembled PDU]"
"10.438316","172.19.0.3","5.9.29.183","TCP","56","43520 → 9002 [ACK] Seq=15089 Ack=255276 Win=11877 Len=0"
"10.453998","5.9.29.183","172.19.0.3","TLSv1.2","851","Application Data"
"10.454647","5.9.29.183","172.19.0.3","TCP","1504","[TCP segment of a reassembled PDU]"
"10.454659","172.19.0.3","5.9.29.183","TCP","56","43520 → 9002 [ACK] Seq=15089 Ack=257519 Win=11911 Len=0"
"10.455060","5.9.29.183","172.19.0.3","TCP","1516","9002 → 43520 [PSH, ACK] Seq=257519 Ack=15089 Win=65535 Len=1460 [TCP segment of a reassembled PDU]"
"10.455114","5.9.29.183","172.19.0.3","TLSv1.2","1492","Application Data [TCP segment of a reassembled PDU]"
"10.455192","5.9.29.183","172.19.0.3","TCP","1516","9002 → 43520 [PSH, ACK] Seq=260415 Ack=15089 Win=65535 Len=1460 [TCP segment of a reassembled PDU]"
"10.455199","5.9.29.183","172.19.0.3","TCP","1516","9002 → 43520 [PSH, ACK] Seq=261875 Ack=15089 Win=65535 Len=1460 [TCP segment of a reassembled PDU]"
"10.455202","5.9.29.183","172.19.0.3","TLSv1.2","1480","Application Data [TCP segment of a reassembled PDU]"
"10.455241","172.19.0.3","5.9.29.183","TCP","56","43520 → 9002 [ACK] Seq=15089 Ack=264759 Win=11879 Len=0"
"10.455471","172.19.0.3","5.9.29.183","TLSv1.2","599","Application Data"
"10.455794","5.9.29.183","172.19.0.3","TCP","56","9002 → 43520 [ACK] Seq=264759 Ack=15632 Win=65535 Len=0"
"10.468304","172.19.0.3","5.9.29.183","TLSv1.2","599","Application Data"
"10.468909","5.9.29.183","172.19.0.3","TCP","56","9002 → 43520 [ACK] Seq=264759 Ack=16175 Win=65535 Len=0"
"10.469025","5.9.29.183","172.19.0.3","TCP","1504","9002 → 43520 [PSH, ACK] Seq=264759 Ack=16175 Win=65535 Len=1448 [TCP segment of a reassembled PDU]"
"10.470253","5.9.29.183","172.19.0.3","TCP","615","9002 → 43520 [PSH, ACK] Seq=266207 Ack=16175 Win=65535 Len=559 [TCP segment of a reassembled PDU]"
"10.470266","172.19.0.3","5.9.29.183","TCP","56","43520 → 9002 [ACK] Seq=16175 Ack=266766 Win=11911 Len=0"
"10.470406","5.9.29.183","172.19.0.3","TLSv1.2","756","Application Data"
"10.476342","5.9.29.183","172.19.0.3","TCP","1504","[TCP segment of a reassembled PDU]"
"10.476416","172.19.0.3","5.9.29.183","TCP","56","43520 → 9002 [ACK] Seq=16175 Ack=268914 Win=11911 Len=0"
"10.476453","5.9.29.183","172.19.0.3","TCP","1504","9002 → 43520 [PSH, ACK] Seq=268914 Ack=16175 Win=65535 Len=1448 [TCP segment of a reassembled PDU]"
"10.485818","5.9.29.183","172.19.0.3","TLSv1.2","787","Application Data"
"10.485842","172.19.0.3","5.9.29.183","TCP","56","43520 → 9002 [ACK] Seq=16175 Ack=271093 Win=11911 Len=0"
"10.508071","5.9.29.183","172.19.0.3","TCP","1516","[TCP segment of a reassembled PDU]"
"10.508102","5.9.29.183","172.19.0.3","TCP","1492","9002 → 43520 [PSH, ACK] Seq=272553 Ack=16175 Win=65535 Len=1436 [TCP segment of a reassembled PDU]"
"10.508110","5.9.29.183","172.19.0.3","TLSv1.2","787","Application Data"
"10.508246","172.19.0.3","5.9.29.183","TCP","56","43520 → 9002 [ACK] Seq=16175 Ack=274720 Win=11893 Len=0"
"10.523909","5.9.29.183","172.19.0.3","TCP","1504","[TCP segment of a reassembled PDU]"
"10.523957","5.9.29.183","172.19.0.3","TCP","1516","9002 → 43520 [PSH, ACK] Seq=276168 Ack=16175 Win=65535 Len=1460 [TCP segment of a reassembled PDU]"
"10.523979","172.19.0.3","5.9.29.183","TCP","56","43520 → 9002 [ACK] Seq=16175 Ack=277628 Win=11903 Len=0"
"10.523983","5.9.29.183","172.19.0.3","TLSv1.2","1318","Application Data, Application Data"
"10.535191","5.9.29.183","172.19.0.3","TCP","1516","[TCP segment of a reassembled PDU]"
"10.535214","172.19.0.3","5.9.29.183","TCP","56","43520 → 9002 [ACK] Seq=16175 Ack=280350 Win=11911 Len=0"
"10.535231","5.9.29.183","172.19.0.3","TCP","1516","9002 → 43520 [PSH, ACK] Seq=280350 Ack=16175 Win=65535 Len=1460 [TCP segment of a reassembled PDU]"
"10.535240","5.9.29.183","172.19.0.3","TLSv1.2","1516","Application Data [TCP segment of a reassembled PDU]"
"10.535243","5.9.29.183","172.19.0.3","TCP","1468","9002 → 43520 [PSH, ACK] Seq=283270 Ack=16175 Win=65535 Len=1412 [TCP segment of a reassembled PDU]"
"10.535454","172.19.0.3","5.9.29.183","TCP","56","43520 → 9002 [ACK] Seq=16175 Ack=284682 Win=11887 Len=0"
"10.539378","5.9.29.183","172.19.0.3","TCP","1516","9002 → 43520 [PSH, ACK] Seq=284682 Ack=16175 Win=65535 Len=1460 [TCP segment of a reassembled PDU]"
"10.539409","5.9.29.183","172.19.0.3","TLSv1.2","1516","Application Data [TCP segment of a reassembled PDU]"
"10.539427","172.19.0.3","5.9.29.183","TCP","56","43520 → 9002 [ACK] Seq=16175 Ack=287602 Win=11903 Len=0"
"10.539431","5.9.29.183","172.19.0.3","TLSv1.2","683","Application Data"
"10.540063","172.19.0.3","5.9.29.183","TLSv1.2","599","Application Data"
"10.540344","5.9.29.183","172.19.0.3","TCP","56","9002 → 43520 [ACK] Seq=288229 Ack=16718 Win=65535 Len=0"
"10.599358","5.9.29.183","172.19.0.3","TCP","1516","[TCP segment of a reassembled PDU]"
"10.599407","5.9.29.183","172.19.0.3","TLSv1.2","167","Application Data"
"10.599541","172.19.0.3","5.9.29.183","TCP","56","43520 → 9002 [ACK] Seq=16718 Ack=289800 Win=11903 Len=0"
"10.604458","172.19.0.3","5.9.29.183","TLSv1.2","599","Application Data"
"10.604805","5.9.29.183","172.19.0.3","TCP","56","9002 → 43520 [ACK] Seq=289800 Ack=17261 Win=65535 Len=0"
"11.140315","5.9.29.183","172.19.0.3","TLSv1.2","599","Application Data"
"11.140979","172.19.0.3","5.9.29.183","TLSv1.2","599","Application Data"
"11.141401","5.9.29.183","172.19.0.3","TCP","56","9002 → 43520 [ACK] Seq=290343 Ack=17804 Win=65535 Len=0"
"11.588207","5.9.29.183","172.19.0.3","TCP","1516","[TCP segment of a reassembled PDU]"
"11.588240","5.9.29.183","172.19.0.3","TCP","1516","9002 → 43520 [PSH, ACK] Seq=291803 Ack=17804 Win=65535 Len=1460 [TCP segment of a reassembled PDU]"
"11.588249","5.9.29.183","172.19.0.3","TLSv1.2","763","Application Data"
"11.588383","172.19.0.3","5.9.29.183","TCP","56","43520 → 9002 [ACK] Seq=17804 Ack=293970 Win=11895 Len=0"
"11.602382","5.9.29.183","172.19.0.3","TCP","1516","[TCP segment of a reassembled PDU]"
"11.602410","5.9.29.183","172.19.0.3","TCP","1492","9002 → 43520 [PSH, ACK] Seq=295430 Ack=17804 Win=65535 Len=1436 [TCP segment of a reassembled PDU]"
"11.602424","172.19.0.3","5.9.29.183","TCP","56","43520 → 9002 [ACK] Seq=17804 Ack=296866 Win=11903 Len=0"
"11.603461","5.9.29.183","172.19.0.3","TLSv1.2","787","Application Data"
"11.644853","172.19.0.3","5.9.29.183","TCP","56","43520 → 9002 [ACK] Seq=17804 Ack=297597 Win=11911 Len=0"
"11.879137","5.9.29.183","172.19.0.3","TCP","1516","[TCP segment of a reassembled PDU]"
"11.879161","172.19.0.3","5.9.29.183","TCP","56","43520 → 9002 [ACK] Seq=17804 Ack=299057 Win=11911 Len=0"
"11.879177","5.9.29.183","172.19.0.3","TCP","1492","9002 → 43520 [PSH, ACK] Seq=299057 Ack=17804 Win=65535 Len=1436 [TCP segment of a reassembled PDU]"
"11.879190","172.19.0.3","5.9.29.183","TCP","56","43520 → 9002 [ACK] Seq=17804 Ack=300493 Win=11903 Len=0"
"11.879824","5.9.29.183","172.19.0.3","TLSv1.2","1516","Application Data, Application Data"
"11.879834","172.19.0.3","5.9.29.183","TCP","56","43520 → 9002 [ACK] Seq=17804 Ack=301953 Win=11911 Len=0"
"11.879840","5.9.29.183","172.19.0.3","TCP","1516","9002 → 43520 [PSH, ACK] Seq=301953 Ack=17804 Win=65535 Len=1460 [TCP segment of a reassembled PDU]"
"11.879846","172.19.0.3","5.9.29.183","TCP","56","43520 → 9002 [ACK] Seq=17804 Ack=303413 Win=11903 Len=0"
"11.879848","5.9.29.183","172.19.0.3","TCP","1516","9002 → 43520 [PSH, ACK] Seq=303413 Ack=17804 Win=65535 Len=1460 [TCP segment of a reassembled PDU]"
"11.879853","172.19.0.3","5.9.29.183","TCP","56","43520 → 9002 [ACK] Seq=17804 Ack=304873 Win=11893 Len=0"
"11.879854","5.9.29.183","172.19.0.3","TLSv1.2","1516","Application Data [TCP segment of a reassembled PDU]"
"11.879861","172.19.0.3","5.9.29.183","TCP","56","43520 → 9002 [ACK] Seq=17804 Ack=306333 Win=11885 Len=0"
"11.879968","5.9.29.183","172.19.0.3","TCP","1516","9002 → 43520 [PSH, ACK] Seq=306333 Ack=17804 Win=65535 Len=1460 [TCP segment of a reassembled PDU]"
"11.879980","172.19.0.3","5.9.29.183","TCP","56","43520 → 9002 [ACK] Seq=17804 Ack=307793 Win=11877 Len=0"
"11.879983","5.9.29.183","172.19.0.3","TCP","727","9002 → 43520 [PSH, ACK] Seq=307793 Ack=17804 Win=65535 Len=671 [TCP segment of a reassembled PDU]"
"11.879990","172.19.0.3","5.9.29.183","TCP","56","43520 → 9002 [ACK] Seq=17804 Ack=308464 Win=11872 Len=0"
"11.895181","5.9.29.183","172.19.0.3","TLSv1.2","1504","Application Data [TCP segment of a reassembled PDU]"
"11.895205","172.19.0.3","5.9.29.183","TCP","56","43520 → 9002 [ACK] Seq=17804 Ack=309912 Win=11911 Len=0"
"11.895222","5.9.29.183","172.19.0.3","TCP","1504","9002 → 43520 [PSH, ACK] Seq=309912 Ack=17804 Win=65535 Len=1448 [TCP segment of a reassembled PDU]"
"11.895235","172.19.0.3","5.9.29.183","TCP","56","43520 → 9002 [ACK] Seq=17804 Ack=311360 Win=11903 Len=0"
"11.895502","5.9.29.183","172.19.0.3","TCP","1516","9002 → 43520 [PSH, ACK] Seq=311360 Ack=17804 Win=65535 Len=1460 [TCP segment of a reassembled PDU]"
"11.895512","172.19.0.3","5.9.29.183","TCP","56","43520 → 9002 [ACK] Seq=17804 Ack=312820 Win=11895 Len=0"
"11.895515","5.9.29.183","172.19.0.3","TLSv1.2","1516","Application Data, Application Data"
"11.895520","172.19.0.3","5.9.29.183","TCP","56","43520 → 9002 [ACK] Seq=17804 Ack=314280 Win=11887 Len=0"
"11.895624","5.9.29.183","172.19.0.3","TCP","1516","9002 → 43520 [PSH, ACK] Seq=314280 Ack=17804 Win=65535 Len=1460 [TCP segment of a reassembled PDU]"
"11.895634","172.19.0.3","5.9.29.183","TCP","56","43520 → 9002 [ACK] Seq=17804 Ack=315740 Win=11879 Len=0"
"11.895636","5.9.29.183","172.19.0.3","TCP","1516","9002 → 43520 [PSH, ACK] Seq=315740 Ack=17804 Win=65535 Len=1460 [TCP segment of a reassembled PDU]"
"11.895676","172.19.0.3","5.9.29.183","TCP","56","43520 → 9002 [ACK] Seq=17804 Ack=317200 Win=11871 Len=0"
"11.895679","5.9.29.183","172.19.0.3","TLSv1.2","1516","Application Data [TCP segment of a reassembled PDU]"
"11.895687","172.19.0.3","5.9.29.183","TCP","56","43520 → 9002 [ACK] Seq=17804 Ack=318660 Win=11863 Len=0"
"11.895861","5.9.29.183","172.19.0.3","TLSv1.2","1385","Application Data, Application Data, Application Data"
"11.895874","172.19.0.3","5.9.29.183","TCP","56","43520 → 9002 [ACK] Seq=17804 Ack=319989 Win=11855 Len=0"
"11.896303","172.19.0.3","5.9.29.183","TLSv1.2","599","Application Data"
"11.896502","5.9.29.183","172.19.0.3","TCP","56","9002 → 43520 [ACK] Seq=319989 Ack=18347 Win=65535 Len=0"
"11.910107","172.19.0.3","5.9.29.183","TLSv1.2","599","Application Data"
"11.910617","5.9.29.183","172.19.0.3","TCP","56","9002 → 43520 [ACK] Seq=319989 Ack=18890 Win=65535 Len=0"
"11.910706","5.9.29.183","172.19.0.3","TCP","1504","[TCP segment of a reassembled PDU]"
"11.910842","5.9.29.183","172.19.0.3","TCP","1516","9002 → 43520 [PSH, ACK] Seq=321437 Ack=18890 Win=65535 Len=1460 [TCP segment of a reassembled PDU]"
"11.910850","5.9.29.183","172.19.0.3","TLSv1.2","1516","Application Data [TCP segment of a reassembled PDU]"
"11.910906","172.19.0.3","5.9.29.183","TCP","56","43520 → 9002 [ACK] Seq=18890 Ack=324357 Win=11895 Len=0"
"11.911130","5.9.29.183","172.19.0.3","TCP","1516","9002 → 43520 [PSH, ACK] Seq=324357 Ack=18890 Win=65535 Len=1460 [TCP segment of a reassembled PDU]"
"11.911137","5.9.29.183","172.19.0.3","TLSv1.2","968","Application Data"
"11.911180","172.19.0.3","5.9.29.183","TCP","56","43520 → 9002 [ACK] Seq=18890 Ack=326729 Win=11879 Len=0"
"11.919651","172.19.0.3","5.9.29.183","TLSv1.2","599","Application Data"
"11.919915","5.9.29.183","172.19.0.3","TCP","56","9002 → 43520 [ACK] Seq=326729 Ack=19433 Win=65535 Len=0"
"12.494208","5.9.29.183","172.19.0.3","TLSv1.2","599","Application Data"
"12.495004","172.19.0.3","5.9.29.183","TLSv1.2","599","Application Data"
"12.495364","5.9.29.183","172.19.0.3","TCP","56","9002 → 43520 [ACK] Seq=327272 Ack=19976 Win=65535 Len=0"
"13.027779","5.9.29.183","172.19.0.3","TCP","1516","[TCP segment of a reassembled PDU]"
"13.027814","5.9.29.183","172.19.0.3","TCP","1492","9002 → 43520 [PSH, ACK] Seq=328732 Ack=19976 Win=65535 Len=1436 [TCP segment of a reassembled PDU]"
"13.027969","5.9.29.183","172.19.0.3","TLSv1.2","1516","Application Data [TCP segment of a reassembled PDU]"
"13.027978","5.9.29.183","172.19.0.3","TCP","730","9002 → 43520 [PSH, ACK] Seq=331628 Ack=19976 Win=65535 Len=674 [TCP segment of a reassembled PDU]"
"13.028031","5.9.29.183","172.19.0.3","TCP","551","9002 → 43520 [PSH, ACK] Seq=332302 Ack=19976 Win=65535 Len=495 [TCP segment of a reassembled PDU]"
"13.028116","172.19.0.3","5.9.29.183","TCP","56","43520 → 9002 [ACK] Seq=19976 Ack=332797 Win=11877 Len=0"
"13.030885","5.9.29.183","172.19.0.3","TLSv1.2","1504","Application Data [TCP segment of a reassembled PDU]"
"13.043452","5.9.29.183","172.19.0.3","TLSv1.2","366","Application Data"
"13.043473","172.19.0.3","5.9.29.183","TCP","56","43520 → 9002 [ACK] Seq=19976 Ack=334555 Win=11911 Len=0"
"13.060936","5.9.29.183","172.19.0.3","TCP","1516","[TCP segment of a reassembled PDU]"
"13.060964","5.9.29.183","172.19.0.3","TCP","1492","9002 → 43520 [PSH, ACK] Seq=336015 Ack=19976 Win=65535 Len=1436 [TCP segment of a reassembled PDU]"
"13.060969","5.9.29.183","172.19.0.3","TLSv1.2","787","Application Data"
"13.061093","172.19.0.3","5.9.29.183","TCP","56","43520 → 9002 [ACK] Seq=19976 Ack=338182 Win=11895 Len=0"
"13.128129","5.9.29.183","172.19.0.3","TCP","1516","[TCP segment of a reassembled PDU]"
"13.128160","5.9.29.183","172.19.0.3","TLSv1.2","167","Application Data"
"13.128181","172.19.0.3","5.9.29.183","TCP","56","43520 → 9002 [ACK] Seq=19976 Ack=339753 Win=11903 Len=0"
"13.154521","5.9.29.183","172.19.0.3","TCP","1504","[TCP segment of a reassembled PDU]"
"13.154678","5.9.29.183","172.19.0.3","TCP","1504","9002 → 43520 [PSH, ACK] Seq=341201 Ack=19976 Win=65535 Len=1448 [TCP segment of a reassembled PDU]"
"13.154788","172.19.0.3","5.9.29.183","TCP","56","43520 → 9002 [ACK] Seq=19976 Ack=342649 Win=11903 Len=0"
"13.154793","5.9.29.183","172.19.0.3","TLSv1.2","1237","Application Data"
"13.154930","5.9.29.183","172.19.0.3","TCP","1516","[TCP segment of a reassembled PDU]"
"13.154940","5.9.29.183","172.19.0.3","TCP","1516","9002 → 43520 [PSH, ACK] Seq=345290 Ack=19976 Win=65535 Len=1460 [TCP segment of a reassembled PDU]"
"13.154943","5.9.29.183","172.19.0.3","TLSv1.2","1516","Application Data [TCP segment of a reassembled PDU]"
"13.154982","5.9.29.183","172.19.0.3","TCP","1516","9002 → 43520 [PSH, ACK] Seq=348210 Ack=19976 Win=65535 Len=1460 [TCP segment of a reassembled PDU]"
"13.155003","5.9.29.183","172.19.0.3","TCP","1456","9002 → 43520 [PSH, ACK] Seq=349670 Ack=19976 Win=65535 Len=1400 [TCP segment of a reassembled PDU]"
"13.155079","172.19.0.3","5.9.29.183","TCP","56","43520 → 9002 [ACK] Seq=19976 Ack=351070 Win=11855 Len=0"
"13.170445","5.9.29.183","172.19.0.3","TLSv1.2","1516","Application Data [TCP segment of a reassembled PDU]"
"13.170479","5.9.29.183","172.19.0.3","TCP","1492","9002 → 43520 [PSH, ACK] Seq=352530 Ack=19976 Win=65535 Len=1436 [TCP segment of a reassembled PDU]"
"13.170496","172.19.0.3","5.9.29.183","TCP","56","43520 → 9002 [ACK] Seq=19976 Ack=353966 Win=11903 Len=0"
"13.171152","5.9.29.183","172.19.0.3","TLSv1.2","1504","Application Data [TCP segment of a reassembled PDU]"
"13.171165","5.9.29.183","172.19.0.3","TCP","1516","9002 → 43520 [PSH, ACK] Seq=355414 Ack=19976 Win=65535 Len=1460 [TCP segment of a reassembled PDU]"
"13.171170","5.9.29.183","172.19.0.3","TCP","1492","9002 → 43520 [PSH, ACK] Seq=356874 Ack=19976 Win=65535 Len=1436 [TCP segment of a reassembled PDU]"
"13.171288","5.9.29.183","172.19.0.3","TLSv1.2","1504","Application Data [TCP segment of a reassembled PDU]"
"13.171340","172.19.0.3","5.9.29.183","TCP","56","43520 → 9002 [ACK] Seq=19976 Ack=359758 Win=11885 Len=0"
"13.171626","5.9.29.183","172.19.0.3","TCP","1504","9002 → 43520 [PSH, ACK] Seq=359758 Ack=19976 Win=65535 Len=1448 [TCP segment of a reassembled PDU]"
"13.171694","5.9.29.183","172.19.0.3","TLSv1.2","365","Application Data"
"13.171760","172.19.0.3","5.9.29.183","TLSv1.2","599","Application Data"
"13.172006","5.9.29.183","172.19.0.3","TCP","56","9002 → 43520 [ACK] Seq=361515 Ack=20519 Win=65535 Len=0"
"13.187683","5.9.29.183","172.19.0.3","TCP","1516","[TCP segment of a reassembled PDU]"
"13.187714","5.9.29.183","172.19.0.3","TLSv1.2","167","Application Data"
"13.187728","172.19.0.3","5.9.29.183","TCP","56","43520 → 9002 [ACK] Seq=20519 Ack=363086 Win=11903 Len=0"
"13.188074","172.19.0.3","5.9.29.183","TLSv1.2","599","Application Data"
"13.188400","5.9.29.183","172.19.0.3","TCP","56","9002 → 43520 [ACK] Seq=363086 Ack=21062 Win=65535 Len=0"
"13.251718","5.9.29.183","172.19.0.3","TCP","1516","[TCP segment of a reassembled PDU]"
"13.251750","5.9.29.183","172.19.0.3","TCP","1516","9002 → 43520 [PSH, ACK] Seq=364546 Ack=21062 Win=65535 Len=1460 [TCP segment of a reassembled PDU]"
"13.251759","5.9.29.183","172.19.0.3","TLSv1.2","1213","Application Data"
"13.251762","5.9.29.183","172.19.0.3","TCP","1516","[TCP segment of a reassembled PDU]"
"13.251766","5.9.29.183","172.19.0.3","TCP","1492","9002 → 43520 [PSH, ACK] Seq=368623 Ack=21062 Win=65535 Len=1436 [TCP segment of a reassembled PDU]"
"13.251896","172.19.0.3","5.9.29.183","TCP","56","43520 → 9002 [ACK] Seq=21062 Ack=370059 Win=11879 Len=0"
"13.263303","5.9.29.183","172.19.0.3","TLSv1.2","1516","Application Data [TCP segment of a reassembled PDU]"
"13.263353","5.9.29.183","172.19.0.3","TCP","1492","9002 → 43520 [PSH, ACK] Seq=371519 Ack=21062 Win=65535 Len=1436 [TCP segment of a reassembled PDU]"
"13.263403","172.19.0.3","5.9.29.183","TCP","56","43520 → 9002 [ACK] Seq=21062 Ack=372955 Win=11903 Len=0"
"13.263407","5.9.29.183","172.19.0.3","TCP","1516","9002 → 43520 [PSH, ACK] Seq=372955 Ack=21062 Win=65535 Len=1460 [TCP segment of a reassembled PDU]"
"13.263414","5.9.29.183","172.19.0.3","TLSv1.2","1492","Application Data [TCP segment of a reassembled PDU]"
"13.263533","5.9.29.183","172.19.0.3","TCP","1504","9002 → 43520 [PSH, ACK] Seq=375851 Ack=21062 Win=65535 Len=1448 [TCP segment of a reassembled PDU]"
"13.263606","172.19.0.3","5.9.29.183","TCP","56","43520 → 9002 [ACK] Seq=21062 Ack=377299 Win=11879 Len=0"
"13.267251","5.9.29.183","172.19.0.3","TLSv1.2","1516","Application Data [TCP segment of a reassembled PDU]"
"13.267280","5.9.29.183","172.19.0.3","TCP","1492","9002 → 43520 [PSH, ACK] Seq=378759 Ack=21062 Win=65535 Len=1436 [TCP segment of a reassembled PDU]"
"13.267294","172.19.0.3","5.9.29.183","TCP","56","43520 → 9002 [ACK] Seq=21062 Ack=380195 Win=11903 Len=0"
"13.279119","5.9.29.183","172.19.0.3","TCP","1516","9002 → 43520 [PSH, ACK] Seq=380195 Ack=21062 Win=65535 Len=1460 [TCP segment of a reassembled PDU]"
"13.279190","5.9.29.183","172.19.0.3","TLSv1.2","1516","Application Data [TCP segment of a reassembled PDU]"
"13.279197","5.9.29.183","172.19.0.3","TCP","1516","9002 → 43520 [PSH, ACK] Seq=383115 Ack=21062 Win=65535 Len=1460 [TCP segment of a reassembled PDU]"
"13.279201","5.9.29.183","172.19.0.3","TCP","1468","9002 → 43520 [PSH, ACK] Seq=384575 Ack=21062 Win=65535 Len=1412 [TCP segment of a reassembled PDU]"
"13.279204","5.9.29.183","172.19.0.3","TLSv1.2","1516","Application Data, Application Data"
"13.279266","5.9.29.183","172.19.0.3","TLSv1.2","599","Application Data"
"13.279365","172.19.0.3","5.9.29.183","TCP","56","43520 → 9002 [ACK] Seq=21062 Ack=387990 Win=11869 Len=0"
"13.279643","172.19.0.3","5.9.29.183","TLSv1.2","599","Application Data"
"13.279995","5.9.29.183","172.19.0.3","TCP","56","9002 → 43520 [ACK] Seq=387990 Ack=21605 Win=65535 Len=0"
"13.318979","5.9.29.183","172.19.0.3","TCP","1516","[TCP segment of a reassembled PDU]"
"13.319010","5.9.29.183","172.19.0.3","TCP","1492","9002 → 43520 [PSH, ACK] Seq=389450 Ack=21605 Win=65535 Len=1436 [TCP segment of a reassembled PDU]"
"13.319024","172.19.0.3","5.9.29.183","TCP","56","43520 → 9002 [ACK] Seq=21605 Ack=390886 Win=11903 Len=0"
"13.319204","5.9.29.183","172.19.0.3","TLSv1.2","1237","Application Data"
"13.319240","5.9.29.183","172.19.0.3","TCP","1516","[TCP segment of a reassembled PDU]"
"13.319248","5.9.29.183","172.19.0.3","TCP","1516","9002 → 43520 [PSH, ACK] Seq=393527 Ack=21605 Win=65535 Len=1460 [TCP segment of a reassembled PDU]"
"13.319251","5.9.29.183","172.19.0.3","TLSv1.2","1516","Application Data [TCP segment of a reassembled PDU]"
"13.319273","5.9.29.183","172.19.0.3","TCP","1447","9002 → 43520 [PSH, ACK] Seq=396447 Ack=21605 Win=65535 Len=1391 [TCP segment of a reassembled PDU]"
"13.319411","5.9.29.183","172.19.0.3","TCP","1516","9002 → 43520 [PSH, ACK] Seq=397838 Ack=21605 Win=65535 Len=1460 [TCP segment of a reassembled PDU]"
"13.319421","5.9.29.183","172.19.0.3","TCP","65","9002 → 43520 [PSH, ACK] Seq=399298 Ack=21605 Win=65535 Len=9 [TCP segment of a reassembled PDU]"
"13.319434","172.19.0.3","5.9.29.183","TCP","56","43520 → 9002 [ACK] Seq=21605 Ack=399307 Win=11853 Len=0"
"13.334730","5.9.29.183","172.19.0.3","TLSv1.2","677","Application Data, Application Data"
"13.352425","5.9.29.183","172.19.0.3","TCP","1504","[TCP segment of a reassembled PDU]"
"13.352449","172.19.0.3","5.9.29.183","TCP","56","43520 → 9002 [ACK] Seq=21605 Ack=401376 Win=11911 Len=0"
"13.352466","5.9.29.183","172.19.0.3","TCP","1504","9002 → 43520 [PSH, ACK] Seq=401376 Ack=21605 Win=65535 Len=1448 [TCP segment of a reassembled PDU]"
"13.352473","5.9.29.183","172.19.0.3","TLSv1.2","787","Application Data"
"13.352655","172.19.0.3","5.9.29.183","TCP","56","43520 → 9002 [ACK] Seq=21605 Ack=403555 Win=11895 Len=0"
"13.379117","5.9.29.183","172.19.0.3","TCP","1516","[TCP segment of a reassembled PDU]"
"13.379147","5.9.29.183","172.19.0.3","TCP","1492","9002 → 43520 [PSH, ACK] Seq=405015 Ack=21605 Win=65535 Len=1436 [TCP segment of a reassembled PDU]"
"13.379163","172.19.0.3","5.9.29.183","TCP","56","43520 → 9002 [ACK] Seq=21605 Ack=406451 Win=11901 Len=0"
"13.379167","5.9.29.183","172.19.0.3","TLSv1.2","273","Application Data"
"13.379542","172.19.0.3","5.9.29.183","TLSv1.2","599","Application Data"
"13.379888","5.9.29.183","172.19.0.3","TCP","56","9002 → 43520 [ACK] Seq=406668 Ack=22148 Win=65535 Len=0"
"13.389124","172.19.0.3","5.9.29.183","TLSv1.2","1113","Application Data"
"13.389377","5.9.29.183","172.19.0.3","TCP","56","9002 → 43520 [ACK] Seq=406668 Ack=23205 Win=65535 Len=0"
"13.524855","5.9.29.183","172.19.0.3","TLSv1.2","599","Application Data"
"13.567116","172.19.0.3","5.9.29.183","TCP","56","43520 → 9002 [ACK] Seq=23205 Ack=407211 Win=11911 Len=0"
"14.002386","5.9.29.183","172.19.0.3","TLSv1.2","599","Application Data"
"14.002430","172.19.0.3","5.9.29.183","TCP","56","43520 → 9002 [ACK] Seq=23205 Ack=407754 Win=11911 Len=0"
"14.003403","172.19.0.3","5.9.29.183","TLSv1.2","599","Application Data"
"14.003709","5.9.29.183","172.19.0.3","TCP","56","9002 → 43520 [ACK] Seq=407754 Ack=23748 Win=65535 Len=0"
"14.504892","5.9.29.183","172.19.0.3","TLSv1.2","599","Application Data"
"14.534588","5.9.29.183","172.19.0.3","TCP","1504","[TCP segment of a reassembled PDU]"
"14.534648","172.19.0.3","5.9.29.183","TCP","56","43520 → 9002 [ACK] Seq=23748 Ack=409745 Win=11911 Len=0"
"14.534792","5.9.29.183","172.19.0.3","TCP","1504","9002 → 43520 [PSH, ACK] Seq=409745 Ack=23748 Win=65535 Len=1448 [TCP segment of a reassembled PDU]"
"14.534804","5.9.29.183","172.19.0.3","TLSv1.2","787","Application Data"
"14.534879","172.19.0.3","5.9.29.183","TCP","56","43520 → 9002 [ACK] Seq=23748 Ack=411924 Win=11895 Len=0"
"14.559761","5.9.29.183","172.19.0.3","TCP","1504","[TCP segment of a reassembled PDU]"
"14.559788","5.9.29.183","172.19.0.3","TCP","1516","9002 → 43520 [PSH, ACK] Seq=413372 Ack=23748 Win=65535 Len=1460 [TCP segment of a reassembled PDU]"
"14.559801","172.19.0.3","5.9.29.183","TCP","56","43520 → 9002 [ACK] Seq=23748 Ack=414832 Win=11903 Len=0"
"14.559804","5.9.29.183","172.19.0.3","TLSv1.2","1225","Application Data"
"14.570191","5.9.29.183","172.19.0.3","TLSv1.2","1516","Application Data"
"14.570213","172.19.0.3","5.9.29.183","TCP","56","43520 → 9002 [ACK] Seq=23748 Ack=417461 Win=11911 Len=0"
"14.570231","5.9.29.183","172.19.0.3","TCP","1492","9002 → 43520 [PSH, ACK] Seq=417461 Ack=23748 Win=65535 Len=1436 [TCP segment of a reassembled PDU]"
"14.570587","172.19.0.3","5.9.29.183","TLSv1.2","599","Application Data"
"14.570910","5.9.29.183","172.19.0.3","TCP","56","9002 → 43520 [ACK] Seq=418897 Ack=24291 Win=65535 Len=0"
"14.575481","5.9.29.183","172.19.0.3","TLSv1.2","880","Application Data"
"14.600232","5.9.29.183","172.19.0.3","TCP","1516","[TCP segment of a reassembled PDU]"
"14.600262","172.19.0.3","5.9.29.183","TCP","56","43520 → 9002 [ACK] Seq=24291 Ack=421181 Win=11911 Len=0"
"14.600282","5.9.29.183","172.19.0.3","TCP","1492","9002 → 43520 [PSH, ACK] Seq=421181 Ack=24291 Win=65535 Len=1436 [TCP segment of a reassembled PDU]"
"14.600470","5.9.29.183","172.19.0.3","TLSv1.2","1237","Application Data"
"14.600597","172.19.0.3","5.9.29.183","TCP","56","43520 → 9002 [ACK] Seq=24291 Ack=423798 Win=11895 Len=0"
"14.615427","5.9.29.183","172.19.0.3","TLSv1.2","149","Application Data"
"14.643531","5.9.29.183","172.19.0.3","TCP","1504","[TCP segment of a reassembled PDU]"
"14.643550","172.19.0.3","5.9.29.183","TCP","56","43520 → 9002 [ACK] Seq=24291 Ack=425339 Win=11911 Len=0"
"14.643560","5.9.29.183","172.19.0.3","TCP","1504","9002 → 43520 [PSH, ACK] Seq=425339 Ack=24291 Win=65535 Len=1448 [TCP segment of a reassembled PDU]"
"14.643565","5.9.29.183","172.19.0.3","TLSv1.2","1237","Application Data"
"14.643761","172.19.0.3","5.9.29.183","TCP","56","43520 → 9002 [ACK] Seq=24291 Ack=427968 Win=11895 Len=0"
"14.655639","5.9.29.183","172.19.0.3","TLSv1.2","1504","Application Data"
"14.656213","5.9.29.183","172.19.0.3","TCP","1504","9002 → 43520 [PSH, ACK] Seq=429416 Ack=24291 Win=65535 Len=1448 [TCP segment of a reassembled PDU]"
"14.656250","172.19.0.3","5.9.29.183","TCP","56","43520 → 9002 [ACK] Seq=24291 Ack=430864 Win=11911 Len=0"
"14.656257","5.9.29.183","172.19.0.3","TCP","1516","9002 → 43520 [PSH, ACK] Seq=430864 Ack=24291 Win=65535 Len=1460 [TCP segment of a reassembled PDU]"
"14.656355","5.9.29.183","172.19.0.3","TLSv1.2","1516","Application Data [TCP segment of a reassembled PDU]"
"14.656360","5.9.29.183","172.19.0.3","TCP","1516","9002 → 43520 [PSH, ACK] Seq=433784 Ack=24291 Win=65535 Len=1460 [TCP segment of a reassembled PDU]"
"14.656376","5.9.29.183","172.19.0.3","TCP","1468","9002 → 43520 [PSH, ACK] Seq=435244 Ack=24291 Win=65535 Len=1412 [TCP segment of a reassembled PDU]"
"14.656419","172.19.0.3","5.9.29.183","TCP","56","43520 → 9002 [ACK] Seq=24291 Ack=436656 Win=11879 Len=0"
"14.658885","5.9.29.183","172.19.0.3","TLSv1.2","286","Application Data, Application Data"
"14.659077","172.19.0.3","5.9.29.183","TLSv1.2","599","Application Data"
"14.659292","5.9.29.183","172.19.0.3","TCP","56","9002 → 43520 [ACK] Seq=436886 Ack=24834 Win=65535 Len=0"
"14.667999","5.9.29.183","172.19.0.3","TCP","1516","[TCP segment of a reassembled PDU]"
"14.668030","5.9.29.183","172.19.0.3","TCP","1492","9002 → 43520 [PSH, ACK] Seq=438346 Ack=24834 Win=65535 Len=1436 [TCP segment of a reassembled PDU]"
"14.668168","172.19.0.3","5.9.29.183","TCP","56","43520 → 9002 [ACK] Seq=24834 Ack=439782 Win=11903 Len=0"
"14.671740","5.9.29.183","172.19.0.3","TLSv1.2","1504","Application Data [TCP segment of a reassembled PDU]"
"14.671766","5.9.29.183","172.19.0.3","TCP","1516","9002 → 43520 [PSH, ACK] Seq=441230 Ack=24834 Win=65535 Len=1460 [TCP segment of a reassembled PDU]"
"14.671778","172.19.0.3","5.9.29.183","TCP","56","43520 → 9002 [ACK] Seq=24834 Ack=442690 Win=11903 Len=0"
"14.671780","5.9.29.183","172.19.0.3","TCP","1516","9002 → 43520 [PSH, ACK] Seq=442690 Ack=24834 Win=65535 Len=1460 [TCP segment of a reassembled PDU]"
"14.671784","5.9.29.183","172.19.0.3","TLSv1.2","1480","Application Data [TCP segment of a reassembled PDU]"
"14.671937","172.19.0.3","5.9.29.183","TCP","56","43520 → 9002 [ACK] Seq=24834 Ack=445574 Win=11887 Len=0"
"14.673961","5.9.29.183","172.19.0.3","TCP","1504","9002 → 43520 [PSH, ACK] Seq=445574 Ack=24834 Win=65535 Len=1448 [TCP segment of a reassembled PDU]"
"14.674073","5.9.29.183","172.19.0.3","TCP","1504","9002 → 43520 [PSH, ACK] Seq=447022 Ack=24834 Win=65535 Len=1448 [TCP segment of a reassembled PDU]"
"14.674084","172.19.0.3","5.9.29.183","TCP","56","43520 → 9002 [ACK] Seq=24834 Ack=448470 Win=11903 Len=0"
"14.674087","5.9.29.183","172.19.0.3","TLSv1.2","924","Application Data, Application Data"
"14.681568","5.9.29.183","172.19.0.3","TCP","1504","[TCP segment of a reassembled PDU]"
"14.681591","172.19.0.3","5.9.29.183","TCP","56","43520 → 9002 [ACK] Seq=24834 Ack=450786 Win=11909 Len=0"
"14.690202","5.9.29.183","172.19.0.3","TLSv1.2","1207","Application Data"
"14.693687","5.9.29.183","172.19.0.3","TCP","1504","[TCP segment of a reassembled PDU]"
"14.693706","172.19.0.3","5.9.29.183","TCP","56","43520 → 9002 [ACK] Seq=24834 Ack=453385 Win=11911 Len=0"
"14.693718","5.9.29.183","172.19.0.3","TCP","1504","9002 → 43520 [PSH, ACK] Seq=453385 Ack=24834 Win=65535 Len=1448 [TCP segment of a reassembled PDU]"
"14.705483","5.9.29.183","172.19.0.3","TLSv1.2","1330","Application Data, Application Data"
"14.705507","172.19.0.3","5.9.29.183","TCP","56","43520 → 9002 [ACK] Seq=24834 Ack=456107 Win=11911 Len=0"
"14.759313","5.9.29.183","172.19.0.3","TCP","1516","[TCP segment of a reassembled PDU]"
"14.759342","5.9.29.183","172.19.0.3","TCP","1516","9002 → 43520 [PSH, ACK] Seq=457567 Ack=24834 Win=65535 Len=1460 [TCP segment of a reassembled PDU]"
"14.759353","5.9.29.183","172.19.0.3","TLSv1.2","763","Application Data"
"14.759490","172.19.0.3","5.9.29.183","TCP","56","43520 → 9002 [ACK] Seq=24834 Ack=459734 Win=11895 Len=0"
"14.759852","172.19.0.3","5.9.29.183","TLSv1.2","599","Application Data"
"14.760180","5.9.29.183","172.19.0.3","TCP","56","9002 → 43520 [ACK] Seq=459734 Ack=25377 Win=65535 Len=0"
"14.782649","5.9.29.183","172.19.0.3","TCP","1516","[TCP segment of a reassembled PDU]"
"14.782688","5.9.29.183","172.19.0.3","TCP","1492","9002 → 43520 [PSH, ACK] Seq=461194 Ack=25377 Win=65535 Len=1436 [TCP segment of a reassembled PDU]"
"14.782853","5.9.29.183","172.19.0.3","TCP","800","9002 → 43520 [PSH, ACK] Seq=462630 Ack=25377 Win=65535 Len=744 [TCP segment of a reassembled PDU]"
"14.782861","5.9.29.183","172.19.0.3","TLSv1.2","493","Application Data"
"14.782949","172.19.0.3","5.9.29.183","TCP","56","43520 → 9002 [ACK] Seq=25377 Ack=463811 Win=11887 Len=0"
"14.798682","5.9.29.183","172.19.0.3","TLSv1.2","1206","Application Data, Application Data"
"14.808301","5.9.29.183","172.19.0.3","TCP","1504","[TCP segment of a reassembled PDU]"
"14.808324","172.19.0.3","5.9.29.183","TCP","56","43520 → 9002 [ACK] Seq=25377 Ack=466409 Win=11911 Len=0"
"14.808340","5.9.29.183","172.19.0.3","TCP","1504","9002 → 43520 [PSH, ACK] Seq=466409 Ack=25377 Win=65535 Len=1448 [TCP segment of a reassembled PDU]"
"14.813908","5.9.29.183","172.19.0.3","TLSv1.2","787","Application Data"
"14.813936","172.19.0.3","5.9.29.183","TCP","56","43520 → 9002 [ACK] Seq=25377 Ack=468588 Win=11911 Len=0"
"14.814379","172.19.0.3","5.9.29.183","TLSv1.2","599","Application Data"
"14.814720","5.9.29.183","172.19.0.3","TCP","56","9002 → 43520 [ACK] Seq=468588 Ack=25920 Win=65535 Len=0"
"14.848207","5.9.29.183","172.19.0.3","TCP","1504","[TCP segment of a reassembled PDU]"
"14.848237","5.9.29.183","172.19.0.3","TCP","1516","9002 → 43520 [PSH, ACK] Seq=470036 Ack=25920 Win=65535 Len=1460 [TCP segment of a reassembled PDU]"
"14.848244","5.9.29.183","172.19.0.3","TLSv1.2","261","Application Data"
"14.848392","172.19.0.3","5.9.29.183","TCP","56","43520 → 9002 [ACK] Seq=25920 Ack=471701 Win=11893 Len=0"
"14.853782","172.19.0.3","5.9.29.183","TLSv1.2","599","Application Data"
"14.854004","5.9.29.183","172.19.0.3","TCP","56","9002 → 43520 [ACK] Seq=471701 Ack=26463 Win=65535 Len=0"
"15.568481","5.9.29.183","172.19.0.3","TLSv1.2","599","Application Data"
"15.569470","172.19.0.3","5.9.29.183","TLSv1.2","599","Application Data"
"15.569862","5.9.29.183","172.19.0.3","TCP","56","9002 → 43520 [ACK] Seq=472244 Ack=27006 Win=65535 Len=0"
"16.008872","5.9.29.183","172.19.0.3","TLSv1.2","599","Application Data"
"16.022019","5.9.29.183","172.19.0.3","TCP","1516","[TCP segment of a reassembled PDU]"
"16.022040","172.19.0.3","5.9.29.183","TCP","56","43520 → 9002 [ACK] Seq=27006 Ack=474247 Win=11911 Len=0"
"16.022054","5.9.29.183","172.19.0.3","TCP","1492","9002 → 43520 [PSH, ACK] Seq=474247 Ack=27006 Win=65535 Len=1436 [TCP segment of a reassembled PDU]"
"16.023947","5.9.29.183","172.19.0.3","TLSv1.2","787","Application Data"
"16.023958","172.19.0.3","5.9.29.183","TCP","56","43520 → 9002 [ACK] Seq=27006 Ack=476414 Win=11911 Len=0"
"16.044734","5.9.29.183","172.19.0.3","TCP","1516","[TCP segment of a reassembled PDU]"
"16.044761","5.9.29.183","172.19.0.3","TCP","1492","9002 → 43520 [PSH, ACK] Seq=477874 Ack=27006 Win=65535 Len=1436 [TCP segment of a reassembled PDU]"
"16.044767","5.9.29.183","172.19.0.3","TLSv1.2","1237","Application Data"
"16.045493","172.19.0.3","5.9.29.183","TCP","56","43520 → 9002 [ACK] Seq=27006 Ack=480491 Win=11895 Len=0"
"16.060150","5.9.29.183","172.19.0.3","TLSv1.2","149","Application Data"
"16.106280","172.19.0.3","5.9.29.183","TCP","56","43520 → 9002 [ACK] Seq=27006 Ack=480584 Win=11911 Len=0"
"16.120033","5.9.29.183","172.19.0.3","TCP","1516","[TCP segment of a reassembled PDU]"
"16.120060","172.19.0.3","5.9.29.183","TCP","56","43520 → 9002 [ACK] Seq=27006 Ack=482044 Win=11911 Len=0"
"16.120079","5.9.29.183","172.19.0.3","TCP","1516","9002 → 43520 [PSH, ACK] Seq=482044 Ack=27006 Win=65535 Len=1460 [TCP segment of a reassembled PDU]"
"16.120096","172.19.0.3","5.9.29.183","TCP","56","43520 → 9002 [ACK] Seq=27006 Ack=483504 Win=11903 Len=0"
"16.120098","5.9.29.183","172.19.0.3","TLSv1.2","763","Application Data"
"16.120105","172.19.0.3","5.9.29.183","TCP","56","43520 → 9002 [ACK] Seq=27006 Ack=484211 Win=11898 Len=0"
"16.135711","5.9.29.183","172.19.0.3","TLSv1.2","599","Application Data"
"16.135738","172.19.0.3","5.9.29.183","TCP","56","43520 → 9002 [ACK] Seq=27006 Ack=484754 Win=11911 Len=0"
"16.223559","5.9.29.183","172.19.0.3","TCP","1516","[TCP segment of a reassembled PDU]"
"16.223588","172.19.0.3","5.9.29.183","TCP","56","43520 → 9002 [ACK] Seq=27006 Ack=486214 Win=11911 Len=0"
"16.223608","5.9.29.183","172.19.0.3","TCP","1492","9002 → 43520 [PSH, ACK] Seq=486214 Ack=27006 Win=65535 Len=1436 [TCP segment of a reassembled PDU]"
"16.223621","172.19.0.3","5.9.29.183","TCP","56","43520 → 9002 [ACK] Seq=27006 Ack=487650 Win=11903 Len=0"
"16.223854","5.9.29.183","172.19.0.3","TLSv1.2","787","Application Data"
"16.223865","172.19.0.3","5.9.29.183","TCP","56","43520 → 9002 [ACK] Seq=27006 Ack=488381 Win=11898 Len=0"
"16.233024","5.9.29.183","172.19.0.3","TCP","1504","[TCP segment of a reassembled PDU]"
"16.233088","172.19.0.3","5.9.29.183","TCP","56","43520 → 9002 [ACK] Seq=27006 Ack=489829 Win=11911 Len=0"
"16.233239","5.9.29.183","172.19.0.3","TCP","1504","9002 → 43520 [PSH, ACK] Seq=489829 Ack=27006 Win=65535 Len=1448 [TCP segment of a reassembled PDU]"
"16.233249","172.19.0.3","5.9.29.183","TCP","56","43520 → 9002 [ACK] Seq=27006 Ack=491277 Win=11903 Len=0"
"16.233252","5.9.29.183","172.19.0.3","TLSv1.2","1516","Application Data [TCP segment of a reassembled PDU]"
"16.233257","172.19.0.3","5.9.29.183","TCP","56","43520 → 9002 [ACK] Seq=27006 Ack=492737 Win=11895 Len=0"
"16.233259","5.9.29.183","172.19.0.3","TCP","1516","9002 → 43520 [PSH, ACK] Seq=492737 Ack=27006 Win=65535 Len=1460 [TCP segment of a reassembled PDU]"
"16.233267","172.19.0.3","5.9.29.183","TCP","56","43520 → 9002 [ACK] Seq=27006 Ack=494197 Win=11885 Len=0"
"16.233268","5.9.29.183","172.19.0.3","TCP","1480","9002 → 43520 [PSH, ACK] Seq=494197 Ack=27006 Win=65535 Len=1424 [TCP segment of a reassembled PDU]"
"16.233273","172.19.0.3","5.9.29.183","TCP","56","43520 → 9002 [ACK] Seq=27006 Ack=495621 Win=11877 Len=0"
"16.239568","5.9.29.183","172.19.0.3","TLSv1.2","1127","Application Data, Application Data"
"16.240050","172.19.0.3","5.9.29.183","TCP","56","43520 → 9002 [ACK] Seq=27006 Ack=496692 Win=11911 Len=0"
"16.245113","5.9.29.183","172.19.0.3","TCP","1504","[TCP segment of a reassembled PDU]"
"16.245323","5.9.29.183","172.19.0.3","TCP","1516","9002 → 43520 [PSH, ACK] Seq=498140 Ack=27006 Win=65535 Len=1460 [TCP segment of a reassembled PDU]"
"16.245334","5.9.29.183","172.19.0.3","TLSv1.2","1492","Application Data [TCP segment of a reassembled PDU]"
"16.245338","5.9.29.183","172.19.0.3","TCP","1504","9002 → 43520 [PSH, ACK] Seq=501036 Ack=27006 Win=65535 Len=1448 [TCP segment of a reassembled PDU]"
"16.245428","172.19.0.3","5.9.29.183","TCP","56","43520 → 9002 [ACK] Seq=27006 Ack=502484 Win=11887 Len=0"
"16.245710","172.19.0.3","5.9.29.183","TLSv1.2","599","Application Data"
"16.245986","5.9.29.183","172.19.0.3","TCP","56","9002 → 43520 [ACK] Seq=502484 Ack=27549 Win=65535 Len=0"
"16.248783","5.9.29.183","172.19.0.3","TCP","1516","9002 → 43520 [PSH, ACK] Seq=502484 Ack=27549 Win=65535 Len=1460 [TCP segment of a reassembled PDU]"
"16.248812","5.9.29.183","172.19.0.3","TLSv1.2","1492","Application Data [TCP segment of a reassembled PDU]"
"16.248826","172.19.0.3","5.9.29.183","TCP","56","43520 → 9002 [ACK] Seq=27549 Ack=505380 Win=11903 Len=0"
"16.254616","5.9.29.183","172.19.0.3","TLSv1.2","1221","Application Data"
"16.262403","5.9.29.183","172.19.0.3","TCP","1516","[TCP segment of a reassembled PDU]"
"16.262414","172.19.0.3","5.9.29.183","TCP","56","43520 → 9002 [ACK] Seq=27549 Ack=508005 Win=11911 Len=0"
"16.262420","5.9.29.183","172.19.0.3","TCP","1492","9002 → 43520 [PSH, ACK] Seq=508005 Ack=27549 Win=65535 Len=1436 [TCP segment of a reassembled PDU]"
"16.270202","5.9.29.183","172.19.0.3","TLSv1.2","1330","Application Data, Application Data"
"16.270224","172.19.0.3","5.9.29.183","TCP","56","43520 → 9002 [ACK] Seq=27549 Ack=510715 Win=11911 Len=0"
"16.324647","5.9.29.183","172.19.0.3","TCP","1516","[TCP segment of a reassembled PDU]"
"16.324680","5.9.29.183","172.19.0.3","TLSv1.2","167","Application Data"
"16.324835","172.19.0.3","5.9.29.183","TCP","56","43520 → 9002 [ACK] Seq=27549 Ack=512286 Win=11903 Len=0"
"16.346665","5.9.29.183","172.19.0.3","TCP","1516","[TCP segment of a reassembled PDU]"
"16.346696","5.9.29.183","172.19.0.3","TLSv1.2","1195","Application Data"
"16.346709","172.19.0.3","5.9.29.183","TCP","56","43520 → 9002 [ACK] Seq=27549 Ack=514885 Win=11903 Len=0"
"16.352810","172.19.0.3","5.9.29.183","TLSv1.2","599","Application Data"
"16.353106","5.9.29.183","172.19.0.3","TCP","56","9002 → 43520 [ACK] Seq=514885 Ack=28092 Win=65535 Len=0"
"16.831578","5.9.29.183","172.19.0.3","TLSv1.2","599","Application Data"
"16.832635","172.19.0.3","5.9.29.183","TLSv1.2","599","Application Data"
"16.833032","5.9.29.183","172.19.0.3","TCP","56","9002 → 43520 [ACK] Seq=515428 Ack=28635 Win=65535 Len=0"
"17.284525","5.9.29.183","172.19.0.3","TCP","1504","[TCP segment of a reassembled PDU]"
"17.284895","5.9.29.183","172.19.0.3","TCP","1504","9002 → 43520 [PSH, ACK] Seq=516876 Ack=28635 Win=65535 Len=1448 [TCP segment of a reassembled PDU]"
"17.284909","172.19.0.3","5.9.29.183","TCP","56","43520 → 9002 [ACK] Seq=28635 Ack=518324 Win=11911 Len=0"
"17.285023","5.9.29.183","172.19.0.3","TLSv1.2","787","Application Data"
"17.296274","5.9.29.183","172.19.0.3","TCP","1516","[TCP segment of a reassembled PDU]"
"17.296297","172.19.0.3","5.9.29.183","TCP","56","43520 → 9002 [ACK] Seq=28635 Ack=520515 Win=11911 Len=0"
"17.296351","5.9.29.183","172.19.0.3","TCP","1516","9002 → 43520 [PSH, ACK] Seq=520515 Ack=28635 Win=65535 Len=1460 [TCP segment of a reassembled PDU]"
"17.296365","5.9.29.183","172.19.0.3","TLSv1.2","1480","Application Data [TCP segment of a reassembled PDU]"
"17.296515","172.19.0.3","5.9.29.183","TCP","56","43520 → 9002 [ACK] Seq=28635 Ack=523399 Win=11893 Len=0"
"17.296864","172.19.0.3","5.9.29.183","TLSv1.2","599","Application Data"
"17.297197","5.9.29.183","172.19.0.3","TCP","56","9002 → 43520 [ACK] Seq=523399 Ack=29178 Win=65535 Len=0"
"17.300750","5.9.29.183","172.19.0.3","TLSv1.2","396","Application Data"
"17.340920","172.19.0.3","5.9.29.183","TCP","56","43520 → 9002 [ACK] Seq=29178 Ack=523739 Win=11911 Len=0"
"17.390159","5.9.29.183","172.19.0.3","TCP","1516","[TCP segment of a reassembled PDU]"
"17.390187","172.19.0.3","5.9.29.183","TCP","56","43520 → 9002 [ACK] Seq=29178 Ack=525199 Win=11911 Len=0"
"17.390251","5.9.29.183","172.19.0.3","TCP","1492","9002 → 43520 [PSH, ACK] Seq=525199 Ack=29178 Win=65535 Len=1436 [TCP segment of a reassembled PDU]"
"17.390308","172.19.0.3","5.9.29.183","TCP","56","43520 → 9002 [ACK] Seq=29178 Ack=526635 Win=11903 Len=0"
"17.390406","5.9.29.183","172.19.0.3","TLSv1.2","1516","Application Data [TCP segment of a reassembled PDU]"
"17.390415","172.19.0.3","5.9.29.183","TCP","56","43520 → 9002 [ACK] Seq=29178 Ack=528095 Win=11895 Len=0"
"17.390417","5.9.29.183","172.19.0.3","TCP","871","9002 → 43520 [PSH, ACK] Seq=528095 Ack=29178 Win=65535 Len=815 [TCP segment of a reassembled PDU]"
"17.390424","172.19.0.3","5.9.29.183","TCP","56","43520 → 9002 [ACK] Seq=29178 Ack=528910 Win=11889 Len=0"
"17.390602","5.9.29.183","172.19.0.3","TCP","1516","9002 → 43520 [PSH, ACK] Seq=528910 Ack=29178 Win=65535 Len=1460 [TCP segment of a reassembled PDU]"
"17.390613","172.19.0.3","5.9.29.183","TCP","56","43520 → 9002 [ACK] Seq=29178 Ack=530370 Win=11911 Len=0"
"17.390616","5.9.29.183","172.19.0.3","TCP","398","9002 → 43520 [PSH, ACK] Seq=530370 Ack=29178 Win=65535 Len=342 [TCP segment of a reassembled PDU]"
"17.390622","172.19.0.3","5.9.29.183","TCP","56","43520 → 9002 [ACK] Seq=29178 Ack=530712 Win=11909 Len=0"
"17.406176","5.9.29.183","172.19.0.3","TLSv1.2","851","Application Data"
"17.406201","172.19.0.3","5.9.29.183","TCP","56","43520 → 9002 [ACK] Seq=29178 Ack=531507 Win=11911 Len=0"
"17.418916","5.9.29.183","172.19.0.3","TCP","1504","[TCP segment of a reassembled PDU]"
"17.418946","172.19.0.3","5.9.29.183","TCP","56","43520 → 9002 [ACK] Seq=29178 Ack=532955 Win=11911 Len=0"
"17.419143","5.9.29.183","172.19.0.3","TCP","1504","9002 → 43520 [PSH, ACK] Seq=532955 Ack=29178 Win=65535 Len=1448 [TCP segment of a reassembled PDU]"
"17.419156","172.19.0.3","5.9.29.183","TCP","56","43520 → 9002 [ACK] Seq=29178 Ack=534403 Win=11903 Len=0"
"17.421500","5.9.29.183","172.19.0.3","TLSv1.2","1330","Application Data, Application Data"
"17.421524","172.19.0.3","5.9.29.183","TCP","56","43520 → 9002 [ACK] Seq=29178 Ack=535677 Win=11911 Len=0"
"17.459628","5.9.29.183","172.19.0.3","TCP","1516","[TCP segment of a reassembled PDU]"
"17.459666","172.19.0.3","5.9.29.183","TCP","56","43520 → 9002 [ACK] Seq=29178 Ack=537137 Win=11911 Len=0"
"17.459722","5.9.29.183","172.19.0.3","TCP","1516","9002 → 43520 [PSH, ACK] Seq=537137 Ack=29178 Win=65535 Len=1460 [TCP segment of a reassembled PDU]"
"17.459768","5.9.29.183","172.19.0.3","TLSv1.2","1213","Application Data"
"17.459879","5.9.29.183","172.19.0.3","TCP","1516","[TCP segment of a reassembled PDU]"
"17.459886","5.9.29.183","172.19.0.3","TCP","1516","9002 → 43520 [PSH, ACK] Seq=541214 Ack=29178 Win=65535 Len=1460 [TCP segment of a reassembled PDU]"
"17.459889","5.9.29.183","172.19.0.3","TLSv1.2","1516","Application Data [TCP segment of a reassembled PDU]"
"17.459894","5.9.29.183","172.19.0.3","TCP","1516","9002 → 43520 [PSH, ACK] Seq=544134 Ack=29178 Win=65535 Len=1460 [TCP segment of a reassembled PDU]"
"17.459897","5.9.29.183","172.19.0.3","TCP","1456","9002 → 43520 [PSH, ACK] Seq=545594 Ack=29178 Win=65535 Len=1400 [TCP segment of a reassembled PDU]"
"17.459947","172.19.0.3","5.9.29.183","TCP","56","43520 → 9002 [ACK] Seq=29178 Ack=546994 Win=11855 Len=0"
"17.460467","172.19.0.3","5.9.29.183","TLSv1.2","599","Application Data"
"17.460730","5.9.29.183","172.19.0.3","TCP","56","9002 → 43520 [ACK] Seq=546994 Ack=29721 Win=65535 Len=0"
"17.475159","5.9.29.183","172.19.0.3","TLSv1.2","134","Application Data"
"17.480502","5.9.29.183","172.19.0.3","TCP","1504","[TCP segment of a reassembled PDU]"
"17.480530","172.19.0.3","5.9.29.183","TCP","56","43520 → 9002 [ACK] Seq=29721 Ack=548520 Win=11911 Len=0"
"17.480732","5.9.29.183","172.19.0.3","TCP","1504","9002 → 43520 [PSH, ACK] Seq=548520 Ack=29721 Win=65535 Len=1448 [TCP segment of a reassembled PDU]"
"17.491180","5.9.29.183","172.19.0.3","TLSv1.2","1330","Application Data, Application Data"
"17.491197","172.19.0.3","5.9.29.183","TCP","56","43520 → 9002 [ACK] Seq=29721 Ack=551242 Win=11911 Len=0"
"17.496701","5.9.29.183","172.19.0.3","TCP","1504","[TCP segment of a reassembled PDU]"
"17.496830","5.9.29.183","172.19.0.3","TCP","1504","9002 → 43520 [PSH, ACK] Seq=552690 Ack=29721 Win=65535 Len=1448 [TCP segment of a reassembled PDU]"
"17.496838","172.19.0.3","5.9.29.183","TCP","56","43520 → 9002 [ACK] Seq=29721 Ack=554138 Win=11911 Len=0"
"17.506365","5.9.29.183","172.19.0.3","TLSv1.2","787","Application Data"
"17.513319","5.9.29.183","172.19.0.3","TCP","1516","[TCP segment of a reassembled PDU]"
"17.513338","172.19.0.3","5.9.29.183","TCP","56","43520 → 9002 [ACK] Seq=29721 Ack=556329 Win=11911 Len=0"
"17.513378","5.9.29.183","172.19.0.3","TCP","1492","9002 → 43520 [PSH, ACK] Seq=556329 Ack=29721 Win=65535 Len=1436 [TCP segment of a reassembled PDU]"
"17.521630","5.9.29.183","172.19.0.3","TLSv1.2","787","Application Data"
"17.521648","172.19.0.3","5.9.29.183","TCP","56","43520 → 9002 [ACK] Seq=29721 Ack=558496 Win=11911 Len=0"
"17.529002","5.9.29.183","172.19.0.3","TCP","1516","[TCP segment of a reassembled PDU]"
"17.529077","5.9.29.183","172.19.0.3","TCP","1492","9002 → 43520 [PSH, ACK] Seq=559956 Ack=29721 Win=65535 Len=1436 [TCP segment of a reassembled PDU]"
"17.529248","172.19.0.3","5.9.29.183","TCP","56","43520 → 9002 [ACK] Seq=29721 Ack=561392 Win=11903 Len=0"
"17.537056","5.9.29.183","172.19.0.3","TLSv1.2","1330","Application Data, Application Data"
"17.552437","5.9.29.183","172.19.0.3","TLSv1.2","1113","Application Data"
"17.552464","172.19.0.3","5.9.29.183","TCP","56","43520 → 9002 [ACK] Seq=29721 Ack=563723 Win=11911 Len=0"
"17.589327","5.9.29.183","172.19.0.3","TCP","1516","[TCP segment of a reassembled PDU]"
"17.589390","5.9.29.183","172.19.0.3","TCP","1516","9002 → 43520 [PSH, ACK] Seq=565183 Ack=29721 Win=65535 Len=1460 [TCP segment of a reassembled PDU]"
"17.589402","5.9.29.183","172.19.0.3","TLSv1.2","763","Application Data"
"17.589571","172.19.0.3","5.9.29.183","TCP","56","43520 → 9002 [ACK] Seq=29721 Ack=567350 Win=11895 Len=0"
"17.589957","172.19.0.3","5.9.29.183","TLSv1.2","599","Application Data"
"17.590275","5.9.29.183","172.19.0.3","TCP","56","9002 → 43520 [ACK] Seq=567350 Ack=30264 Win=65535 Len=0"
"17.628401","5.9.29.183","172.19.0.3","TCP","1516","[TCP segment of a reassembled PDU]"
"17.628512","5.9.29.183","172.19.0.3","TCP","1492","9002 → 43520 [PSH, ACK] Seq=568810 Ack=30264 Win=65535 Len=1436 [TCP segment of a reassembled PDU]"
"17.628548","5.9.29.183","172.19.0.3","TLSv1.2","787","Application Data"
"17.628633","172.19.0.3","5.9.29.183","TCP","56","43520 → 9002 [ACK] Seq=30264 Ack=570977 Win=11893 Len=0"
"17.629528","172.19.0.3","5.9.29.183","TLSv1.2","599","Application Data"
"17.629854","5.9.29.183","172.19.0.3","TCP","56","9002 → 43520 [ACK] Seq=570977 Ack=30807 Win=65535 Len=0"
"17.639723","172.19.0.3","5.9.29.183","TLSv1.2","599","Application Data"
"17.639938","5.9.29.183","172.19.0.3","TCP","56","9002 → 43520 [ACK] Seq=570977 Ack=31350 Win=65535 Len=0"
"17.689642","5.9.29.183","172.19.0.3","TLSv1.2","599","Application Data"
"17.730498","172.19.0.3","5.9.29.183","TCP","56","43520 → 9002 [ACK] Seq=31350 Ack=571520 Win=11911 Len=0"
"18.642633","5.9.29.183","172.19.0.3","TLSv1.2","599","Application Data"
"18.642715","172.19.0.3","5.9.29.183","TCP","56","43520 → 9002 [ACK] Seq=31350 Ack=572063 Win=11911 Len=0"
"18.643547","172.19.0.3","5.9.29.183","TLSv1.2","599","Application Data"
"18.643844","5.9.29.183","172.19.0.3","TCP","56","9002 → 43520 [ACK] Seq=572063 Ack=31893 Win=65535 Len=0"
"19.194429","5.9.29.183","172.19.0.3","TCP","1516","[TCP segment of a reassembled PDU]"
"19.194535","5.9.29.183","172.19.0.3","TCP","1492","9002 → 43520 [PSH, ACK] Seq=573523 Ack=31893 Win=65535 Len=1436 [TCP segment of a reassembled PDU]"
"19.194549","5.9.29.183","172.19.0.3","TLSv1.2","787","Application Data"
"19.194694","172.19.0.3","5.9.29.183","TCP","56","43520 → 9002 [ACK] Seq=31893 Ack=575690 Win=11895 Len=0"
"19.195105","172.19.0.3","5.9.29.183","TLSv1.2","599","Application Data"
"19.195407","5.9.29.183","172.19.0.3","TCP","56","9002 → 43520 [ACK] Seq=575690 Ack=32436 Win=65535 Len=0"
"19.219667","5.9.29.183","172.19.0.3","TCP","1516","[TCP segment of a reassembled PDU]"
"19.219735","5.9.29.183","172.19.0.3","TCP","1516","9002 → 43520 [PSH, ACK] Seq=577150 Ack=32436 Win=65535 Len=1460 [TCP segment of a reassembled PDU]"
"19.219744","5.9.29.183","172.19.0.3","TLSv1.2","1213","Application Data"
"19.219899","172.19.0.3","5.9.29.183","TCP","56","43520 → 9002 [ACK] Seq=32436 Ack=579767 Win=11895 Len=0"
"19.235388","5.9.29.183","172.19.0.3","TLSv1.2","1206","Application Data, Application Data"
"19.279434","172.19.0.3","5.9.29.183","TCP","56","43520 → 9002 [ACK] Seq=32436 Ack=580917 Win=11911 Len=0"
"19.325591","5.9.29.183","172.19.0.3","TCP","1516","[TCP segment of a reassembled PDU]"
"19.325613","172.19.0.3","5.9.29.183","TCP","56","43520 → 9002 [ACK] Seq=32436 Ack=582377 Win=11911 Len=0"
"19.325646","5.9.29.183","172.19.0.3","TCP","1492","9002 → 43520 [PSH, ACK] Seq=582377 Ack=32436 Win=65535 Len=1436 [TCP segment of a reassembled PDU]"
"19.325659","172.19.0.3","5.9.29.183","TCP","56","43520 → 9002 [ACK] Seq=32436 Ack=583813 Win=11903 Len=0"
"19.325660","5.9.29.183","172.19.0.3","TLSv1.2","787","Application Data"
"19.325666","172.19.0.3","5.9.29.183","TCP","56","43520 → 9002 [ACK] Seq=32436 Ack=584544 Win=11898 Len=0"
"19.341108","5.9.29.183","172.19.0.3","TLSv1.2","599","Application Data"
"19.341135","172.19.0.3","5.9.29.183","TCP","56","43520 → 9002 [ACK] Seq=32436 Ack=585087 Win=11911 Len=0"
"19.361346","5.9.29.183","172.19.0.3","TCP","1516","[TCP segment of a reassembled PDU]"
"19.361371","172.19.0.3","5.9.29.183","TCP","56","43520 → 9002 [ACK] Seq=32436 Ack=586547 Win=11911 Len=0"
"19.361434","5.9.29.183","172.19.0.3","TCP","1516","9002 → 43520 [PSH, ACK] Seq=586547 Ack=32436 Win=65535 Len=1460 [TCP segment of a reassembled PDU]"
"19.361453","172.19.0.3","5.9.29.183","TCP","56","43520 → 9002 [ACK] Seq=32436 Ack=588007 Win=11901 Len=0"
"19.361458","5.9.29.183","172.19.0.3","TLSv1.2","763","Application Data"
"19.361466","172.19.0.3","5.9.29.183","TCP","56","43520 → 9002 [ACK] Seq=32436 Ack=588714 Win=11896 Len=0"
"19.433788","5.9.29.183","172.19.0.3","TCP","1504","[TCP segment of a reassembled PDU]"
"19.433907","172.19.0.3","5.9.29.183","TCP","56","43520 → 9002 [ACK] Seq=32436 Ack=590162 Win=11911 Len=0"
"19.433996","5.9.29.183","172.19.0.3","TCP","1504","9002 → 43520 [PSH, ACK] Seq=590162 Ack=32436 Win=65535 Len=1448 [TCP segment of a reassembled PDU]"
"19.434009","172.19.0.3","5.9.29.183","TCP","56","43520 → 9002 [ACK] Seq=32436 Ack=591610 Win=11903 Len=0"
"19.434010","5.9.29.183","172.19.0.3","TLSv1.2","1516","Application Data [TCP segment of a reassembled PDU]"
"19.434013","5.9.29.183","172.19.0.3","TCP","1432","9002 → 43520 [PSH, ACK] Seq=593070 Ack=32436 Win=65535 Len=1376 [TCP segment of a reassembled PDU]"
"19.434032","172.19.0.3","5.9.29.183","TCP","56","43520 → 9002 [ACK] Seq=32436 Ack=593070 Win=11895 Len=0"
"19.434079","172.19.0.3","5.9.29.183","TCP","56","43520 → 9002 [ACK] Seq=32436 Ack=594446 Win=11887 Len=0"
"19.434171","5.9.29.183","172.19.0.3","TCP","1297","9002 → 43520 [PSH, ACK] Seq=594446 Ack=32436 Win=65535 Len=1241 [TCP segment of a reassembled PDU]"
"19.434184","172.19.0.3","5.9.29.183","TCP","56","43520 → 9002 [ACK] Seq=32436 Ack=595687 Win=11879 Len=0"
"19.449659","5.9.29.183","172.19.0.3","TLSv1.2","851","Application Data"
"19.449939","172.19.0.3","5.9.29.183","TCP","56","43520 → 9002 [ACK] Seq=32436 Ack=596482 Win=11911 Len=0"
"19.475563","5.9.29.183","172.19.0.3","TCP","1516","[TCP segment of a reassembled PDU]"
"19.475633","5.9.29.183","172.19.0.3","TCP","1516","9002 → 43520 [PSH, ACK] Seq=597942 Ack=32436 Win=65535 Len=1460 [TCP segment of a reassembled PDU]"
"19.475645","5.9.29.183","172.19.0.3","TLSv1.2","763","Application Data"
"19.475829","172.19.0.3","5.9.29.183","TCP","56","43520 → 9002 [ACK] Seq=32436 Ack=600109 Win=11895 Len=0"
"19.476126","172.19.0.3","5.9.29.183","TLSv1.2","599","Application Data"
"19.476484","5.9.29.183","172.19.0.3","TCP","56","9002 → 43520 [ACK] Seq=600109 Ack=32979 Win=65535 Len=0"
"19.487197","5.9.29.183","172.19.0.3","TCP","1504","[TCP segment of a reassembled PDU]"
"19.487391","5.9.29.183","172.19.0.3","TCP","1516","9002 → 43520 [PSH, ACK] Seq=601557 Ack=32979 Win=65535 Len=1460 [TCP segment of a reassembled PDU]"
"19.487401","5.9.29.183","172.19.0.3","TLSv1.2","1516","Application Data [TCP segment of a reassembled PDU]"
"19.487420","5.9.29.183","172.19.0.3","TCP","1516","9002 → 43520 [PSH, ACK] Seq=604477 Ack=32979 Win=65535 Len=1460 [TCP segment of a reassembled PDU]"
"19.487424","5.9.29.183","172.19.0.3","TCP","1468","9002 → 43520 [PSH, ACK] Seq=605937 Ack=32979 Win=65535 Len=1412 [TCP segment of a reassembled PDU]"
"19.487455","172.19.0.3","5.9.29.183","TCP","56","43520 → 9002 [ACK] Seq=32979 Ack=607349 Win=11879 Len=0"
"19.492881","5.9.29.183","172.19.0.3","TLSv1.2","70","Application Data"
"19.533777","172.19.0.3","5.9.29.183","TCP","56","43520 → 9002 [ACK] Seq=32979 Ack=607363 Win=11911 Len=0"
"19.537868","5.9.29.183","172.19.0.3","TLSv1.2","1113","Application Data"
"19.538030","172.19.0.3","5.9.29.183","TCP","56","43520 → 9002 [ACK] Seq=32979 Ack=608420 Win=11911 Len=0"
"19.551370","5.9.29.183","172.19.0.3","TCP","1516","[TCP segment of a reassembled PDU]"
"19.551425","5.9.29.183","172.19.0.3","TCP","1492","9002 → 43520 [PSH, ACK] Seq=609880 Ack=32979 Win=65535 Len=1436 [TCP segment of a reassembled PDU]"
"19.551587","172.19.0.3","5.9.29.183","TCP","56","43520 → 9002 [ACK] Seq=32979 Ack=611316 Win=11901 Len=0"
"19.553455","5.9.29.183","172.19.0.3","TLSv1.2","787","Application Data"
"19.553713","172.19.0.3","5.9.29.183","TCP","56","43520 → 9002 [ACK] Seq=32979 Ack=612047 Win=11911 Len=0"
"19.566640","5.9.29.183","172.19.0.3","TCP","1504","[TCP segment of a reassembled PDU]"
"19.566713","5.9.29.183","172.19.0.3","TCP","1504","9002 → 43520 [PSH, ACK] Seq=613495 Ack=32979 Win=65535 Len=1448 [TCP segment of a reassembled PDU]"
"19.566869","172.19.0.3","5.9.29.183","TCP","56","43520 → 9002 [ACK] Seq=32979 Ack=614943 Win=11903 Len=0"
"19.568940","5.9.29.183","172.19.0.3","TLSv1.2","1330","Application Data, Application Data"
"19.569377","172.19.0.3","5.9.29.183","TCP","56","43520 → 9002 [ACK] Seq=32979 Ack=616217 Win=11911 Len=0"
"19.579270","5.9.29.183","172.19.0.3","TCP","1516","[TCP segment of a reassembled PDU]"
"19.579343","5.9.29.183","172.19.0.3","TCP","1492","9002 → 43520 [PSH, ACK] Seq=617677 Ack=32979 Win=65535 Len=1436 [TCP segment of a reassembled PDU]"
"19.579542","172.19.0.3","5.9.29.183","TCP","56","43520 → 9002 [ACK] Seq=32979 Ack=619113 Win=11903 Len=0"
"19.584218","5.9.29.183","172.19.0.3","TLSv1.2","787","Application Data"
"19.584451","172.19.0.3","5.9.29.183","TCP","56","43520 → 9002 [ACK] Seq=32979 Ack=619844 Win=11911 Len=0"
"19.589443","5.9.29.183","172.19.0.3","TCP","1504","[TCP segment of a reassembled PDU]"
"19.589676","172.19.0.3","5.9.29.183","TCP","56","43520 → 9002 [ACK] Seq=32979 Ack=621292 Win=11911 Len=0"
"19.599720","5.9.29.183","172.19.0.3","TLSv1.2","1207","Application Data"
"19.599997","172.19.0.3","5.9.29.183","TCP","56","43520 → 9002 [ACK] Seq=32979 Ack=622443 Win=11911 Len=0"
"19.651149","5.9.29.183","172.19.0.3","TCP","1516","[TCP segment of a reassembled PDU]"
"19.651220","5.9.29.183","172.19.0.3","TCP","1492","9002 → 43520 [PSH, ACK] Seq=623903 Ack=32979 Win=65535 Len=1436 [TCP segment of a reassembled PDU]"
"19.651323","5.9.29.183","172.19.0.3","TLSv1.2","787","Application Data"
"19.651395","172.19.0.3","5.9.29.183","TCP","56","43520 → 9002 [ACK] Seq=32979 Ack=626070 Win=11895 Len=0"
"19.651662","172.19.0.3","5.9.29.183","TLSv1.2","599","Application Data"
"19.652231","5.9.29.183","172.19.0.3","TCP","56","9002 → 43520 [ACK] Seq=626070 Ack=33522 Win=65535 Len=0"
"19.678670","5.9.29.183","172.19.0.3","TCP","1516","[TCP segment of a reassembled PDU]"
"19.678747","5.9.29.183","172.19.0.3","TCP","1492","9002 → 43520 [PSH, ACK] Seq=627530 Ack=33522 Win=65535 Len=1436 [TCP segment of a reassembled PDU]"
"19.678761","5.9.29.183","172.19.0.3","TLSv1.2","1237","Application Data"
"19.678895","172.19.0.3","5.9.29.183","TCP","56","43520 → 9002 [ACK] Seq=33522 Ack=630147 Win=11895 Len=0"
"19.679176","172.19.0.3","5.9.29.183","TLSv1.2","599","Application Data"
"19.679465","5.9.29.183","172.19.0.3","TCP","56","9002 → 43520 [ACK] Seq=630147 Ack=34065 Win=65535 Len=0"
"19.694381","5.9.29.183","172.19.0.3","TLSv1.2","149","Application Data"
"19.709980","5.9.29.183","172.19.0.3","TLSv1.2","1113","Application Data"
"19.710223","172.19.0.3","5.9.29.183","TCP","56","43520 → 9002 [ACK] Seq=34065 Ack=631297 Win=11911 Len=0"
"19.756412","5.9.29.183","172.19.0.3","TCP","1516","[TCP segment of a reassembled PDU]"
"19.756503","5.9.29.183","172.19.0.3","TLSv1.2","681","Application Data"
"19.756662","172.19.0.3","5.9.29.183","TCP","56","43520 → 9002 [ACK] Seq=34065 Ack=633382 Win=11901 Len=0"
"19.757227","02:42:7b:11:31:3d","","ARP","44","Who has 172.19.0.3? Tell 172.19.0.1"
"19.757242","02:42:ac:13:00:03","","ARP","44","172.19.0.3 is at 02:42:ac:13:00:03"
"19.837727","5.9.29.183","172.19.0.3","TCP","1516","[TCP segment of a reassembled PDU]"
"19.837808","5.9.29.183","172.19.0.3","TCP","1492","9002 → 43520 [PSH, ACK] Seq=634842 Ack=34065 Win=65535 Len=1436 [TCP segment of a reassembled PDU]"
"19.837825","172.19.0.3","5.9.29.183","TCP","56","43520 → 9002 [ACK] Seq=34065 Ack=636278 Win=11903 Len=0"
"19.838037","5.9.29.183","172.19.0.3","TLSv1.2","1237","Application Data"
"19.839832","5.9.29.183","172.19.0.3","TLSv1.2","1504","Application Data"
"19.839842","172.19.0.3","5.9.29.183","TCP","56","43520 → 9002 [ACK] Seq=34065 Ack=638907 Win=11911 Len=0"
"19.853882","5.9.29.183","172.19.0.3","TLSv1.2","786","Application Data"
"19.862942","5.9.29.183","172.19.0.3","TCP","1504","[TCP segment of a reassembled PDU]"
"19.862970","172.19.0.3","5.9.29.183","TCP","56","43520 → 9002 [ACK] Seq=34065 Ack=641085 Win=11911 Len=0"
"19.863145","5.9.29.183","172.19.0.3","TCP","1504","9002 → 43520 [PSH, ACK] Seq=641085 Ack=34065 Win=65535 Len=1448 [TCP segment of a reassembled PDU]"
"19.869324","5.9.29.183","172.19.0.3","TLSv1.2","1330","Application Data, Application Data"
"19.869348","172.19.0.3","5.9.29.183","TCP","56","43520 → 9002 [ACK] Seq=34065 Ack=643807 Win=11911 Len=0"
"19.886294","5.9.29.183","172.19.0.3","TLSv1.2","1113","Application Data"
"19.899581","5.9.29.183","172.19.0.3","TCP","1504","[TCP segment of a reassembled PDU]"
"19.899604","172.19.0.3","5.9.29.183","TCP","56","43520 → 9002 [ACK] Seq=34065 Ack=646312 Win=11911 Len=0"
"19.899665","5.9.29.183","172.19.0.3","TCP","1504","9002 → 43520 [PSH, ACK] Seq=646312 Ack=34065 Win=65535 Len=1448 [TCP segment of a reassembled PDU]"
"19.901527","5.9.29.183","172.19.0.3","TLSv1.2","1330","Application Data, Application Data"
"19.901550","172.19.0.3","5.9.29.183","TCP","56","43520 → 9002 [ACK] Seq=34065 Ack=649034 Win=11911 Len=0"
"20.005895","5.9.29.183","172.19.0.3","TCP","1516","[TCP segment of a reassembled PDU]"
"20.005977","5.9.29.183","172.19.0.3","TLSv1.2","1195","Application Data"
"20.006175","172.19.0.3","5.9.29.183","TCP","56","43520 → 9002 [ACK] Seq=34065 Ack=651633 Win=11903 Len=0"
"20.008817","172.19.0.3","5.9.29.183","TLSv1.2","599","Application Data"
"20.009231","5.9.29.183","172.19.0.3","TCP","56","9002 → 43520 [ACK] Seq=651633 Ack=34608 Win=65535 Len=0"
"20.018834","172.19.0.3","5.9.29.183","TLSv1.2","599","Application Data"
"20.019046","5.9.29.183","172.19.0.3","TCP","56","9002 → 43520 [ACK] Seq=651633 Ack=35151 Win=65535 Len=0"
"20.658784","5.9.29.183","172.19.0.3","TLSv1.2","599","Application Data"
"20.659529","172.19.0.3","5.9.29.183","TLSv1.2","599","Application Data"
"20.659999","5.9.29.183","172.19.0.3","TCP","56","9002 → 43520 [ACK] Seq=652176 Ack=35694 Win=65535 Len=0"
"21.134680","5.9.29.183","172.19.0.3","TLSv1.2","599","Application Data"
"21.145583","5.9.29.183","172.19.0.3","TCP","1504","[TCP segment of a reassembled PDU]"
"21.145631","172.19.0.3","5.9.29.183","TCP","56","43520 → 9002 [ACK] Seq=35694 Ack=654167 Win=11911 Len=0"
"21.148808","5.9.29.183","172.19.0.3","TCP","1516","9002 → 43520 [PSH, ACK] Seq=654167 Ack=35694 Win=65535 Len=1460 [TCP segment of a reassembled PDU]"
"21.148842","5.9.29.183","172.19.0.3","TLSv1.2","1516","Application Data [TCP segment of a reassembled PDU]"
"21.148854","5.9.29.183","172.19.0.3","TCP","1516","9002 → 43520 [PSH, ACK] Seq=657087 Ack=35694 Win=65535 Len=1460 [TCP segment of a reassembled PDU]"
"21.148858","5.9.29.183","172.19.0.3","TCP","1468","9002 → 43520 [PSH, ACK] Seq=658547 Ack=35694 Win=65535 Len=1412 [TCP segment of a reassembled PDU]"
"21.148997","172.19.0.3","5.9.29.183","TCP","56","43520 → 9002 [ACK] Seq=35694 Ack=659959 Win=11887 Len=0"
"21.150060","5.9.29.183","172.19.0.3","TCP","79","9002 → 43520 [PSH, ACK] Seq=659959 Ack=35694 Win=65535 Len=23 [TCP segment of a reassembled PDU]"
"21.150168","5.9.29.183","172.19.0.3","TLSv1.2","561","Application Data"
"21.150211","172.19.0.3","5.9.29.183","TCP","56","43520 → 9002 [ACK] Seq=35694 Ack=660487 Win=11911 Len=0"
"21.254048","5.9.29.183","172.19.0.3","TCP","1516","[TCP segment of a reassembled PDU]"
"21.254131","5.9.29.183","172.19.0.3","TCP","1492","9002 → 43520 [PSH, ACK] Seq=661947 Ack=35694 Win=65535 Len=1436 [TCP segment of a reassembled PDU]"
"21.254144","5.9.29.183","172.19.0.3","TLSv1.2","1516","Application Data [TCP segment of a reassembled PDU]"
"21.254148","5.9.29.183","172.19.0.3","TCP","1225","9002 → 43520 [PSH, ACK] Seq=664843 Ack=35694 Win=65535 Len=1169 [TCP segment of a reassembled PDU]"
"21.254211","5.9.29.183","172.19.0.3","TCP","1504","9002 → 43520 [PSH, ACK] Seq=666012 Ack=35694 Win=65535 Len=1448 [TCP segment of a reassembled PDU]"
"21.254297","172.19.0.3","5.9.29.183","TCP","56","43520 → 9002 [ACK] Seq=35694 Ack=667460 Win=11879 Len=0"
"21.267760","5.9.29.183","172.19.0.3","TLSv1.2","1516","Application Data [TCP segment of a reassembled PDU]"
"21.267865","5.9.29.183","172.19.0.3","TCP","1492","9002 → 43520 [PSH, ACK] Seq=668920 Ack=35694 Win=65535 Len=1436 [TCP segment of a reassembled PDU]"
"21.267886","172.19.0.3","5.9.29.183","TCP","56","43520 → 9002 [ACK] Seq=35694 Ack=670356 Win=11903 Len=0"
"21.268026","5.9.29.183","172.19.0.3","TCP","1516","9002 → 43520 [PSH, ACK] Seq=670356 Ack=35694 Win=65535 Len=1460 [TCP segment of a reassembled PDU]"
"21.268034","5.9.29.183","172.19.0.3","TLSv1.2","1492","Application Data [TCP segment of a reassembled PDU]"
"21.268037","5.9.29.183","172.19.0.3","TCP","1504","9002 → 43520 [PSH, ACK] Seq=673252 Ack=35694 Win=65535 Len=1448 [TCP segment of a reassembled PDU]"
"21.268106","172.19.0.3","5.9.29.183","TCP","56","43520 → 9002 [ACK] Seq=35694 Ack=674700 Win=11879 Len=0"
"21.269370","5.9.29.183","172.19.0.3","TLSv1.2","1516","Application Data [TCP segment of a reassembled PDU]"
"21.269387","5.9.29.183","172.19.0.3","TLSv1.2","462","Application Data"
"21.269396","172.19.0.3","5.9.29.183","TCP","56","43520 → 9002 [ACK] Seq=35694 Ack=676566 Win=11903 Len=0"
"21.313809","5.9.29.183","172.19.0.3","TCP","1516","[TCP segment of a reassembled PDU]"
"21.313834","5.9.29.183","172.19.0.3","TLSv1.2","681","Application Data"
"21.313851","172.19.0.3","5.9.29.183","TCP","56","43520 → 9002 [ACK] Seq=35694 Ack=678651 Win=11903 Len=0"
"21.314120","172.19.0.3","5.9.29.183","TLSv1.2","599","Application Data"
"21.314408","5.9.29.183","172.19.0.3","TCP","56","9002 → 43520 [ACK] Seq=678651 Ack=36237 Win=65535 Len=0"
"21.376087","5.9.29.183","172.19.0.3","TCP","1516","[TCP segment of a reassembled PDU]"
"21.376146","5.9.29.183","172.19.0.3","TCP","1492","9002 → 43520 [PSH, ACK] Seq=680111 Ack=36237 Win=65535 Len=1436 [TCP segment of a reassembled PDU]"
"21.376309","172.19.0.3","5.9.29.183","TCP","56","43520 → 9002 [ACK] Seq=36237 Ack=681547 Win=11903 Len=0"
"21.377571","5.9.29.183","172.19.0.3","TLSv1.2","1237","Application Data"
"21.377654","5.9.29.183","172.19.0.3","TCP","1516","[TCP segment of a reassembled PDU]"
"21.377666","172.19.0.3","5.9.29.183","TCP","56","43520 → 9002 [ACK] Seq=36237 Ack=684188 Win=11903 Len=0"
"21.377716","5.9.29.183","172.19.0.3","TCP","1516","9002 → 43520 [PSH, ACK] Seq=684188 Ack=36237 Win=65535 Len=1460 [TCP segment of a reassembled PDU]"
"21.377722","5.9.29.183","172.19.0.3","TLSv1.2","1480","Application Data [TCP segment of a reassembled PDU]"
"21.377880","172.19.0.3","5.9.29.183","TLSv1.2","599","Application Data"
"21.378074","5.9.29.183","172.19.0.3","TCP","56","9002 → 43520 [ACK] Seq=687072 Ack=36780 Win=65535 Len=0"
"21.390623","5.9.29.183","172.19.0.3","TLSv1.2","1504","Application Data [TCP segment of a reassembled PDU]"
"21.390740","5.9.29.183","172.19.0.3","TCP","1516","9002 → 43520 [PSH, ACK] Seq=688520 Ack=36780 Win=65535 Len=1460 [TCP segment of a reassembled PDU]"
"21.390762","172.19.0.3","5.9.29.183","TCP","56","43520 → 9002 [ACK] Seq=36780 Ack=689980 Win=11903 Len=0"
"21.390767","5.9.29.183","172.19.0.3","TCP","1516","9002 → 43520 [PSH, ACK] Seq=689980 Ack=36780 Win=65535 Len=1460 [TCP segment of a reassembled PDU]"
"21.391283","5.9.29.183","172.19.0.3","TLSv1.2","1480","Application Data [TCP segment of a reassembled PDU]"
"21.391334","172.19.0.3","5.9.29.183","TCP","56","43520 → 9002 [ACK] Seq=36780 Ack=692864 Win=11911 Len=0"
"21.393433","5.9.29.183","172.19.0.3","TLSv1.2","1408","Application Data"
"21.437992","172.19.0.3","5.9.29.183","TCP","56","43520 → 9002 [ACK] Seq=36780 Ack=694216 Win=11911 Len=0"
"21.481765","5.9.29.183","172.19.0.3","TLSv1.2","599","Application Data"
"21.481788","172.19.0.3","5.9.29.183","TCP","56","43520 → 9002 [ACK] Seq=36780 Ack=694759 Win=11911 Len=0"
"21.529021","5.9.29.183","172.19.0.3","TCP","1516","[TCP segment of a reassembled PDU]"
"21.529087","5.9.29.183","172.19.0.3","TCP","1516","9002 → 43520 [PSH, ACK] Seq=696219 Ack=36780 Win=65535 Len=1460 [TCP segment of a reassembled PDU]"
"21.529098","5.9.29.183","172.19.0.3","TLSv1.2","763","Application Data"
"21.529231","172.19.0.3","5.9.29.183","TCP","56","43520 → 9002 [ACK] Seq=36780 Ack=698386 Win=11895 Len=0"
"21.605201","5.9.29.183","172.19.0.3","TLSv1.2","1113","Application Data"
"21.605454","172.19.0.3","5.9.29.183","TCP","56","43520 → 9002 [ACK] Seq=36780 Ack=699443 Win=11911 Len=0"
"21.612633","172.19.0.3","5.9.29.183","TLSv1.2","599","Application Data"
"21.612968","5.9.29.183","172.19.0.3","TCP","56","9002 → 43520 [ACK] Seq=699443 Ack=37323 Win=65535 Len=0"
"22.038839","5.9.29.183","172.19.0.3","TLSv1.2","599","Application Data"
"22.039810","172.19.0.3","5.9.29.183","TLSv1.2","599","Application Data"
"22.040186","5.9.29.183","172.19.0.3","TCP","56","9002 → 43520 [ACK] Seq=699986 Ack=37866 Win=65535 Len=0"
"22.568116","5.9.29.183","172.19.0.3","TCP","1516","[TCP segment of a reassembled PDU]"
"22.568254","5.9.29.183","172.19.0.3","TCP","1492","9002 → 43520 [PSH, ACK] Seq=701446 Ack=37866 Win=65535 Len=1436 [TCP segment of a reassembled PDU]"
"22.568289","5.9.29.183","172.19.0.3","TLSv1.2","787","Application Data"
"22.568387","172.19.0.3","5.9.29.183","TCP","56","43520 → 9002 [ACK] Seq=37866 Ack=703613 Win=11895 Len=0"
"22.596648","5.9.29.183","172.19.0.3","TCP","1516","[TCP segment of a reassembled PDU]"
"22.596696","5.9.29.183","172.19.0.3","TCP","1492","9002 → 43520 [PSH, ACK] Seq=705073 Ack=37866 Win=65535 Len=1436 [TCP segment of a reassembled PDU]"
"22.596710","172.19.0.3","5.9.29.183","TCP","56","43520 → 9002 [ACK] Seq=37866 Ack=706509 Win=11903 Len=0"
"22.597444","5.9.29.183","172.19.0.3","TLSv1.2","1237","Application Data"
"22.613087","5.9.29.183","172.19.0.3","TLSv1.2","149","Application Data"
"22.613236","172.19.0.3","5.9.29.183","TCP","56","43520 → 9002 [ACK] Seq=37866 Ack=707783 Win=11911 Len=0"
"22.671767","5.9.29.183","172.19.0.3","TCP","1516","[TCP segment of a reassembled PDU]"
"22.671840","5.9.29.183","172.19.0.3","TCP","1492","9002 → 43520 [PSH, ACK] Seq=709243 Ack=37866 Win=65535 Len=1436 [TCP segment of a reassembled PDU]"
"22.671854","5.9.29.183","172.19.0.3","TLSv1.2","273","Application Data"
"22.671994","172.19.0.3","5.9.29.183","TCP","56","43520 → 9002 [ACK] Seq=37866 Ack=710896 Win=11893 Len=0"
"22.682400","5.9.29.183","172.19.0.3","TCP","1504","[TCP segment of a reassembled PDU]"
"22.682901","5.9.29.183","172.19.0.3","TCP","1516","9002 → 43520 [PSH, ACK] Seq=712344 Ack=37866 Win=65535 Len=1460 [TCP segment of a reassembled PDU]"
"22.682950","172.19.0.3","5.9.29.183","TCP","56","43520 → 9002 [ACK] Seq=37866 Ack=713804 Win=11911 Len=0"
"22.683094","5.9.29.183","172.19.0.3","TLSv1.2","1516","Application Data [TCP segment of a reassembled PDU]"
"22.683102","5.9.29.183","172.19.0.3","TCP","1480","9002 → 43520 [PSH, ACK] Seq=715264 Ack=37866 Win=65535 Len=1424 [TCP segment of a reassembled PDU]"
"22.683137","5.9.29.183","172.19.0.3","TCP","1516","9002 → 43520 [PSH, ACK] Seq=716688 Ack=37866 Win=65535 Len=1460 [TCP segment of a reassembled PDU]"
"22.683144","5.9.29.183","172.19.0.3","TLSv1.2","1516","Application Data [TCP segment of a reassembled PDU]"
"22.683164","5.9.29.183","172.19.0.3","TCP","1480","9002 → 43520 [PSH, ACK] Seq=719608 Ack=37866 Win=65535 Len=1424 [TCP segment of a reassembled PDU]"
"22.683267","172.19.0.3","5.9.29.183","TCP","56","43520 → 9002 [ACK] Seq=37866 Ack=721032 Win=11879 Len=0"
"22.687191","5.9.29.183","172.19.0.3","TCP","1516","9002 → 43520 [PSH, ACK] Seq=721032 Ack=37866 Win=65535 Len=1460 [TCP segment of a reassembled PDU]"
"22.687262","5.9.29.183","172.19.0.3","TLSv1.2","1492","Application Data [TCP segment of a reassembled PDU]"
"22.687283","172.19.0.3","5.9.29.183","TCP","56","43520 → 9002 [ACK] Seq=37866 Ack=723928 Win=11903 Len=0"
"22.688064","5.9.29.183","172.19.0.3","TCP","1516","9002 → 43520 [PSH, ACK] Seq=723928 Ack=37866 Win=65535 Len=1460 [TCP segment of a reassembled PDU]"
"22.688144","5.9.29.183","172.19.0.3","TCP","186","9002 → 43520 [PSH, ACK] Seq=725388 Ack=37866 Win=65535 Len=130 [TCP segment of a reassembled PDU]"
"22.688159","172.19.0.3","5.9.29.183","TCP","56","43520 → 9002 [ACK] Seq=37866 Ack=725518 Win=11903 Len=0"
"22.688220","5.9.29.183","172.19.0.3","TLSv1.2","970","Application Data"
"22.688396","172.19.0.3","5.9.29.183","TLSv1.2","599","Application Data"
"22.688667","5.9.29.183","172.19.0.3","TCP","56","9002 → 43520 [ACK] Seq=726432 Ack=38409 Win=65535 Len=0"
"22.779735","5.9.29.183","172.19.0.3","TCP","1516","[TCP segment of a reassembled PDU]"
"22.779809","5.9.29.183","172.19.0.3","TCP","1492","9002 → 43520 [PSH, ACK] Seq=727892 Ack=38409 Win=65535 Len=1436 [TCP segment of a reassembled PDU]"
"22.779966","172.19.0.3","5.9.29.183","TCP","56","43520 → 9002 [ACK] Seq=38409 Ack=729328 Win=11903 Len=0"
"22.780427","5.9.29.183","172.19.0.3","TLSv1.2","1516","Application Data [TCP segment of a reassembled PDU]"
"22.780478","5.9.29.183","172.19.0.3","TCP","1516","9002 → 43520 [PSH, ACK] Seq=730788 Ack=38409 Win=65535 Len=1460 [TCP segment of a reassembled PDU]"
"22.780492","172.19.0.3","5.9.29.183","TCP","56","43520 → 9002 [ACK] Seq=38409 Ack=732248 Win=11903 Len=0"
"22.780494","5.9.29.183","172.19.0.3","TCP","1213","9002 → 43520 [PSH, ACK] Seq=732248 Ack=38409 Win=65535 Len=1157 [TCP segment of a reassembled PDU]"
"22.797109","5.9.29.183","172.19.0.3","TLSv1.2","851","Application Data"
"22.797134","172.19.0.3","5.9.29.183","TCP","56","43520 → 9002 [ACK] Seq=38409 Ack=734200 Win=11909 Len=0"
"22.797586","172.19.0.3","5.9.29.183","TLSv1.2","599","Application Data"
"22.797944","5.9.29.183","172.19.0.3","TCP","56","9002 → 43520 [ACK] Seq=734200 Ack=38952 Win=65535 Len=0"
"22.802277","5.9.29.183","172.19.0.3","TCP","1504","[TCP segment of a reassembled PDU]"
"22.802573","5.9.29.183","172.19.0.3","TCP","1516","9002 → 43520 [PSH, ACK] Seq=735648 Ack=38952 Win=65535 Len=1460 [TCP segment of a reassembled PDU]"
"22.802624","172.19.0.3","5.9.29.183","TCP","56","43520 → 9002 [ACK] Seq=38952 Ack=737108 Win=11911 Len=0"
"22.802666","5.9.29.183","172.19.0.3","TLSv1.2","1492","Application Data [TCP segment of a reassembled PDU]"
"22.802674","5.9.29.183","172.19.0.3","TCP","1516","9002 → 43520 [PSH, ACK] Seq=738544 Ack=38952 Win=65535 Len=1460 [TCP segment of a reassembled PDU]"
"22.802750","172.19.0.3","5.9.29.183","TCP","56","43520 → 9002 [ACK] Seq=38952 Ack=740004 Win=11895 Len=0"
"22.802755","5.9.29.183","172.19.0.3","TCP","1516","9002 → 43520 [PSH, ACK] Seq=740004 Ack=38952 Win=65535 Len=1460 [TCP segment of a reassembled PDU]"
"22.802759","5.9.29.183","172.19.0.3","TLSv1.2","1516","Application Data [TCP segment of a reassembled PDU]"
"22.802761","5.9.29.183","172.19.0.3","TCP","1468","9002 → 43520 [PSH, ACK] Seq=742924 Ack=38952 Win=65535 Len=1412 [TCP segment of a reassembled PDU]"
"22.803006","172.19.0.3","5.9.29.183","TCP","56","43520 → 9002 [ACK] Seq=38952 Ack=744336 Win=11871 Len=0"
"22.812373","5.9.29.183","172.19.0.3","TLSv1.2","287","Application Data"
"22.858693","172.19.0.3","5.9.29.183","TCP","56","43520 → 9002 [ACK] Seq=38952 Ack=744567 Win=11911 Len=0"
"22.903399","5.9.29.183","172.19.0.3","TCP","1516","[TCP segment of a reassembled PDU]"
"22.903467","5.9.29.183","172.19.0.3","TCP","1492","9002 → 43520 [PSH, ACK] Seq=746027 Ack=38952 Win=65535 Len=1436 [TCP segment of a reassembled PDU]"
"22.903479","5.9.29.183","172.19.0.3","TLSv1.2","787","Application Data"
"22.903626","172.19.0.3","5.9.29.183","TCP","56","43520 → 9002 [ACK] Seq=38952 Ack=748194 Win=11895 Len=0"
"22.937432","5.9.29.183","172.19.0.3","TCP","1516","[TCP segment of a reassembled PDU]"
"22.937494","5.9.29.183","172.19.0.3","TCP","1516","9002 → 43520 [PSH, ACK] Seq=749654 Ack=38952 Win=65535 Len=1460 [TCP segment of a reassembled PDU]"
"22.937511","172.19.0.3","5.9.29.183","TCP","56","43520 → 9002 [ACK] Seq=38952 Ack=751114 Win=11903 Len=0"
"22.937514","5.9.29.183","172.19.0.3","TLSv1.2","1213","Application Data"
"22.937518","5.9.29.183","172.19.0.3","TCP","1516","[TCP segment of a reassembled PDU]"
"22.937594","5.9.29.183","172.19.0.3","TCP","1516","9002 → 43520 [PSH, ACK] Seq=753731 Ack=38952 Win=65535 Len=1460 [TCP segment of a reassembled PDU]"
"22.937601","5.9.29.183","172.19.0.3","TLSv1.2","1480","Application Data [TCP segment of a reassembled PDU]"
"22.937643","172.19.0.3","5.9.29.183","TCP","56","43520 → 9002 [ACK] Seq=38952 Ack=756615 Win=11871 Len=0"
"22.937997","172.19.0.3","5.9.29.183","TLSv1.2","599","Application Data"
"22.938240","5.9.29.183","172.19.0.3","TCP","56","9002 → 43520 [ACK] Seq=756615 Ack=39495 Win=65535 Len=0"
"22.953044","5.9.29.183","172.19.0.3","TLSv1.2","1516","Application Data [TCP segment of a reassembled PDU]"
"22.953114","5.9.29.183","172.19.0.3","TCP","1516","9002 → 43520 [PSH, ACK] Seq=758075 Ack=39495 Win=65535 Len=1460 [TCP segment of a reassembled PDU]"
"22.953131","172.19.0.3","5.9.29.183","TCP","56","43520 → 9002 [ACK] Seq=39495 Ack=759535 Win=11901 Len=0"
"22.953134","5.9.29.183","172.19.0.3","TCP","1480","9002 → 43520 [PSH, ACK] Seq=759535 Ack=39495 Win=65535 Len=1424 [TCP segment of a reassembled PDU]"
"22.953198","5.9.29.183","172.19.0.3","TLSv1.2","286","Application Data, Application Data"
"22.953245","172.19.0.3","5.9.29.183","TCP","56","43520 → 9002 [ACK] Seq=39495 Ack=761189 Win=11889 Len=0"
"23.031607","5.9.29.183","172.19.0.3","TCP","1504","[TCP segment of a reassembled PDU]"
"23.031840","5.9.29.183","172.19.0.3","TCP","1504","9002 → 43520 [PSH, ACK] Seq=762637 Ack=39495 Win=65535 Len=1448 [TCP segment of a reassembled PDU]"
"23.031862","172.19.0.3","5.9.29.183","TCP","56","43520 → 9002 [ACK] Seq=39495 Ack=764085 Win=11903 Len=0"
"23.031955","5.9.29.183","172.19.0.3","TLSv1.2","787","Application Data"
"23.070511","5.9.29.183","172.19.0.3","TCP","1516","[TCP segment of a reassembled PDU]"
"23.070534","172.19.0.3","5.9.29.183","TCP","56","43520 → 9002 [ACK] Seq=39495 Ack=766276 Win=11911 Len=0"
"23.070595","5.9.29.183","172.19.0.3","TLSv1.2","167","Application Data"
"23.075539","172.19.0.3","5.9.29.183","TLSv1.2","599","Application Data"
"23.075794","5.9.29.183","172.19.0.3","TCP","56","9002 → 43520 [ACK] Seq=766387 Ack=40038 Win=65535 Len=0"
"23.866343","5.9.29.183","172.19.0.3","TLSv1.2","599","Application Data"
"23.867314","172.19.0.3","5.9.29.183","TLSv1.2","599","Application Data"
"23.867587","5.9.29.183","172.19.0.3","TCP","56","9002 → 43520 [ACK] Seq=766930 Ack=40581 Win=65535 Len=0"
"24.409723","5.9.29.183","172.19.0.3","TLSv1.2","599","Application Data"
"24.440720","5.9.29.183","172.19.0.3","TCP","1516","[TCP segment of a reassembled PDU]"
"24.440765","172.19.0.3","5.9.29.183","TCP","56","43520 → 9002 [ACK] Seq=40581 Ack=768933 Win=11911 Len=0"
"24.440825","5.9.29.183","172.19.0.3","TCP","1516","9002 → 43520 [PSH, ACK] Seq=768933 Ack=40581 Win=65535 Len=1460 [TCP segment of a reassembled PDU]"
"24.440843","5.9.29.183","172.19.0.3","TLSv1.2","763","Application Data"
"24.441000","172.19.0.3","5.9.29.183","TCP","56","43520 → 9002 [ACK] Seq=40581 Ack=771100 Win=11895 Len=0"
"24.456993","5.9.29.183","172.19.0.3","TCP","1516","[TCP segment of a reassembled PDU]"
"24.457050","5.9.29.183","172.19.0.3","TCP","1492","9002 → 43520 [PSH, ACK] Seq=772560 Ack=40581 Win=65535 Len=1436 [TCP segment of a reassembled PDU]"
"24.457066","172.19.0.3","5.9.29.183","TCP","56","43520 → 9002 [ACK] Seq=40581 Ack=773996 Win=11903 Len=0"
"24.457213","5.9.29.183","172.19.0.3","TLSv1.2","787","Application Data"
"24.498064","172.19.0.3","5.9.29.183","TCP","56","43520 → 9002 [ACK] Seq=40581 Ack=774727 Win=11911 Len=0"
"24.498314","5.9.29.183","172.19.0.3","TLSv1.2","599","Application Data"
"24.498332","172.19.0.3","5.9.29.183","TCP","56","43520 → 9002 [ACK] Seq=40581 Ack=775270 Win=11911 Len=0"
"24.518240","5.9.29.183","172.19.0.3","TCP","1516","[TCP segment of a reassembled PDU]"
"24.518263","172.19.0.3","5.9.29.183","TCP","56","43520 → 9002 [ACK] Seq=40581 Ack=776730 Win=11911 Len=0"
"24.518326","5.9.29.183","172.19.0.3","TCP","1492","9002 → 43520 [PSH, ACK] Seq=776730 Ack=40581 Win=65535 Len=1436 [TCP segment of a reassembled PDU]"
"24.518345","172.19.0.3","5.9.29.183","TCP","56","43520 → 9002 [ACK] Seq=40581 Ack=778166 Win=11903 Len=0"
"24.518347","5.9.29.183","172.19.0.3","TLSv1.2","787","Application Data"
"24.518353","172.19.0.3","5.9.29.183","TCP","56","43520 → 9002 [ACK] Seq=40581 Ack=778897 Win=11898 Len=0"
"24.552280","5.9.29.183","172.19.0.3","TCP","1516","[TCP segment of a reassembled PDU]"
"24.552302","172.19.0.3","5.9.29.183","TCP","56","43520 → 9002 [ACK] Seq=40581 Ack=780357 Win=11911 Len=0"
"24.552360","5.9.29.183","172.19.0.3","TCP","1492","9002 → 43520 [PSH, ACK] Seq=780357 Ack=40581 Win=65535 Len=1436 [TCP segment of a reassembled PDU]"
"24.552372","172.19.0.3","5.9.29.183","TCP","56","43520 → 9002 [ACK] Seq=40581 Ack=781793 Win=11903 Len=0"
"24.552375","5.9.29.183","172.19.0.3","TLSv1.2","787","Application Data"
"24.552381","172.19.0.3","5.9.29.183","TCP","56","43520 → 9002 [ACK] Seq=40581 Ack=782524 Win=11898 Len=0"
"24.568792","5.9.29.183","172.19.0.3","TCP","1504","[TCP segment of a reassembled PDU]"
"24.568821","172.19.0.3","5.9.29.183","TCP","56","43520 → 9002 [ACK] Seq=40581 Ack=783972 Win=11911 Len=0"
"24.569028","5.9.29.183","172.19.0.3","TCP","1504","9002 → 43520 [PSH, ACK] Seq=783972 Ack=40581 Win=65535 Len=1448 [TCP segment of a reassembled PDU]"
"24.569041","172.19.0.3","5.9.29.183","TCP","56","43520 → 9002 [ACK] Seq=40581 Ack=785420 Win=11903 Len=0"
"24.569044","5.9.29.183","172.19.0.3","TLSv1.2","787","Application Data"
"24.569049","172.19.0.3","5.9.29.183","TCP","56","43520 → 9002 [ACK] Seq=40581 Ack=786151 Win=11898 Len=0"
"24.580987","5.9.29.183","172.19.0.3","TCP","1516","[TCP segment of a reassembled PDU]"
"24.581013","172.19.0.3","5.9.29.183","TCP","56","43520 → 9002 [ACK] Seq=40581 Ack=787611 Win=11911 Len=0"
"24.581075","5.9.29.183","172.19.0.3","TCP","1492","9002 → 43520 [PSH, ACK] Seq=787611 Ack=40581 Win=65535 Len=1436 [TCP segment of a reassembled PDU]"
"24.581088","172.19.0.3","5.9.29.183","TCP","56","43520 → 9002 [ACK] Seq=40581 Ack=789047 Win=11903 Len=0"
"24.581091","5.9.29.183","172.19.0.3","TLSv1.2","1516","Application Data [TCP segment of a reassembled PDU]"
"24.581177","5.9.29.183","172.19.0.3","TCP","603","9002 → 43520 [PSH, ACK] Seq=790507 Ack=40581 Win=65535 Len=547 [TCP segment of a reassembled PDU]"
"24.581280","5.9.29.183","172.19.0.3","TCP","1516","9002 → 43520 [PSH, ACK] Seq=791054 Ack=40581 Win=65535 Len=1460 [TCP segment of a reassembled PDU]"
"24.581284","5.9.29.183","172.19.0.3","TCP","1516","9002 → 43520 [PSH, ACK] Seq=792514 Ack=40581 Win=65535 Len=1460 [TCP segment of a reassembled PDU]"
"24.581287","5.9.29.183","172.19.0.3","TLSv1.2","921","Application Data [TCP segment of a reassembled PDU]"
"24.581292","172.19.0.3","5.9.29.183","TCP","56","43520 → 9002 [ACK] Seq=40581 Ack=791054 Win=11888 Len=0"
"24.581365","172.19.0.3","5.9.29.183","TCP","56","43520 → 9002 [ACK] Seq=40581 Ack=794839 Win=11863 Len=0"
"24.581613","172.19.0.3","5.9.29.183","TLSv1.2","599","Application Data"
"24.581862","5.9.29.183","172.19.0.3","TCP","56","9002 → 43520 [ACK] Seq=794839 Ack=41124 Win=65535 Len=0"
"24.584842","5.9.29.183","172.19.0.3","TLSv1.2","707","Application Data"
"24.593125","172.19.0.3","5.9.29.183","TLSv1.2","599","Application Data"
"24.593781","5.9.29.183","172.19.0.3","TCP","56","9002 → 43520 [ACK] Seq=795490 Ack=41667 Win=65535 Len=0"
"24.635117","5.9.29.183","172.19.0.3","TCP","1516","[TCP segment of a reassembled PDU]"
"24.635214","5.9.29.183","172.19.0.3","TCP","1492","9002 → 43520 [PSH, ACK] Seq=796950 Ack=41667 Win=65535 Len=1436 [TCP segment of a reassembled PDU]"
"24.635370","5.9.29.183","172.19.0.3","TLSv1.2","787","Application Data"
"24.635405","172.19.0.3","5.9.29.183","TCP","56","43520 → 9002 [ACK] Seq=41667 Ack=799117 Win=11895 Len=0"
"24.665110","5.9.29.183","172.19.0.3","TCP","1504","[TCP segment of a reassembled PDU]"
"24.665386","5.9.29.183","172.19.0.3","TCP","1504","9002 → 43520 [PSH, ACK] Seq=800565 Ack=41667 Win=65535 Len=1448 [TCP segment of a reassembled PDU]"
"24.665399","172.19.0.3","5.9.29.183","TCP","56","43520 → 9002 [ACK] Seq=41667 Ack=802013 Win=11909 Len=0"
"24.665435","5.9.29.183","172.19.0.3","TLSv1.2","787","Application Data"
"24.681928","5.9.29.183","172.19.0.3","TCP","1516","[TCP segment of a reassembled PDU]"
"24.681946","172.19.0.3","5.9.29.183","TCP","56","43520 → 9002 [ACK] Seq=41667 Ack=804204 Win=11911 Len=0"
"24.681983","5.9.29.183","172.19.0.3","TCP","1492","9002 → 43520 [PSH, ACK] Seq=804204 Ack=41667 Win=65535 Len=1436 [TCP segment of a reassembled PDU]"
"24.682012","5.9.29.183","172.19.0.3","TLSv1.2","787","Application Data"
"24.682124","172.19.0.3","5.9.29.183","TCP","56","43520 → 9002 [ACK] Seq=41667 Ack=806371 Win=11895 Len=0"
"24.693005","5.9.29.183","172.19.0.3","TCP","1504","[TCP segment of a reassembled PDU]"
"24.693190","5.9.29.183","172.19.0.3","TCP","1516","9002 → 43520 [PSH, ACK] Seq=807819 Ack=41667 Win=65535 Len=1460 [TCP segment of a reassembled PDU]"
"24.693204","172.19.0.3","5.9.29.183","TCP","56","43520 → 9002 [ACK] Seq=41667 Ack=809279 Win=11903 Len=0"
"24.693207","5.9.29.183","172.19.0.3","TLSv1.2","1516","Application Data [TCP segment of a reassembled PDU]"
"24.693211","5.9.29.183","172.19.0.3","TCP","1480","9002 → 43520 [PSH, ACK] Seq=810739 Ack=41667 Win=65535 Len=1424 [TCP segment of a reassembled PDU]"
"24.693294","172.19.0.3","5.9.29.183","TCP","56","43520 → 9002 [ACK] Seq=41667 Ack=812163 Win=11887 Len=0"
"24.697474","5.9.29.183","172.19.0.3","TLSv1.2","490","Application Data"
"24.747043","172.19.0.3","5.9.29.183","TCP","56","43520 → 9002 [ACK] Seq=41667 Ack=812597 Win=11911 Len=0"
"24.761736","5.9.29.183","172.19.0.3","TCP","1504","[TCP segment of a reassembled PDU]"
"24.761839","5.9.29.183","172.19.0.3","TCP","1504","9002 → 43520 [PSH, ACK] Seq=814045 Ack=41667 Win=65535 Len=1448 [TCP segment of a reassembled PDU]"
"24.761867","5.9.29.183","172.19.0.3","TLSv1.2","787","Application Data"
"24.761986","172.19.0.3","5.9.29.183","TCP","56","43520 → 9002 [ACK] Seq=41667 Ack=816224 Win=11895 Len=0"
"24.776698","5.9.29.183","172.19.0.3","TCP","1504","[TCP segment of a reassembled PDU]"
"24.777052","5.9.29.183","172.19.0.3","TLSv1.2","179","Application Data"
"24.777071","172.19.0.3","5.9.29.183","TCP","56","43520 → 9002 [ACK] Seq=41667 Ack=817795 Win=11911 Len=0"
"24.787604","5.9.29.183","172.19.0.3","TCP","1504","[TCP segment of a reassembled PDU]"
"24.788230","5.9.29.183","172.19.0.3","TCP","1504","9002 → 43520 [PSH, ACK] Seq=819243 Ack=41667 Win=65535 Len=1448 [TCP segment of a reassembled PDU]"
"24.788252","172.19.0.3","5.9.29.183","TCP","56","43520 → 9002 [ACK] Seq=41667 Ack=820691 Win=11911 Len=0"
"24.788375","5.9.29.183","172.19.0.3","TLSv1.2","1516","Application Data [TCP segment of a reassembled PDU]"
"24.788380","5.9.29.183","172.19.0.3","TCP","1516","9002 → 43520 [PSH, ACK] Seq=822151 Ack=41667 Win=65535 Len=1460 [TCP segment of a reassembled PDU]"
"24.788382","5.9.29.183","172.19.0.3","TCP","1480","9002 → 43520 [PSH, ACK] Seq=823611 Ack=41667 Win=65535 Len=1424 [TCP segment of a reassembled PDU]"
"24.788403","172.19.0.3","5.9.29.183","TCP","56","43520 → 9002 [ACK] Seq=41667 Ack=825035 Win=11895 Len=0"
"24.788650","172.19.0.3","5.9.29.183","TLSv1.2","599","Application Data"
"24.788902","5.9.29.183","172.19.0.3","TCP","56","9002 → 43520 [ACK] Seq=825035 Ack=42210 Win=65535 Len=0"
"24.792680","5.9.29.183","172.19.0.3","TLSv1.2","584","Application Data"
"24.803113","5.9.29.183","172.19.0.3","TCP","1504","[TCP segment of a reassembled PDU]"
"24.803137","172.19.0.3","5.9.29.183","TCP","56","43520 → 9002 [ACK] Seq=42210 Ack=827011 Win=11911 Len=0"
"24.803609","5.9.29.183","172.19.0.3","TCP","1516","9002 → 43520 [PSH, ACK] Seq=827011 Ack=42210 Win=65535 Len=1460 [TCP segment of a reassembled PDU]"
"24.803665","5.9.29.183","172.19.0.3","TLSv1.2","1516","Application Data [TCP segment of a reassembled PDU]"
"24.803673","5.9.29.183","172.19.0.3","TCP","1480","9002 → 43520 [PSH, ACK] Seq=829931 Ack=42210 Win=65535 Len=1424 [TCP segment of a reassembled PDU]"
"24.803752","172.19.0.3","5.9.29.183","TCP","56","43520 → 9002 [ACK] Seq=42210 Ack=831355 Win=11895 Len=0"
"24.804031","5.9.29.183","172.19.0.3","TCP","1516","9002 → 43520 [PSH, ACK] Seq=831355 Ack=42210 Win=65535 Len=1460 [TCP segment of a reassembled PDU]"
"24.804079","5.9.29.183","172.19.0.3","TLSv1.2","1516","Application Data [TCP segment of a reassembled PDU]"
"24.804095","172.19.0.3","5.9.29.183","TCP","56","43520 → 9002 [ACK] Seq=42210 Ack=834275 Win=11903 Len=0"
"24.804099","5.9.29.183","172.19.0.3","TCP","1516","9002 → 43520 [PSH, ACK] Seq=834275 Ack=42210 Win=65535 Len=1460 [TCP segment of a reassembled PDU]"
"24.804106","5.9.29.183","172.19.0.3","TCP","1468","9002 → 43520 [PSH, ACK] Seq=835735 Ack=42210 Win=65535 Len=1412 [TCP segment of a reassembled PDU]"
"24.804154","172.19.0.3","5.9.29.183","TCP","56","43520 → 9002 [ACK] Seq=42210 Ack=837147 Win=11887 Len=0"
"24.808048","5.9.29.183","172.19.0.3","TLSv1.2","381","Application Data"
"24.851463","172.19.0.3","5.9.29.183","TCP","56","43520 → 9002 [ACK] Seq=42210 Ack=837472 Win=11911 Len=0"
"24.860457","5.9.29.183","172.19.0.3","TCP","1516","[TCP segment of a reassembled PDU]"
"24.860537","5.9.29.183","172.19.0.3","TLSv1.2","681","Application Data"
"24.860698","172.19.0.3","5.9.29.183","TCP","56","43520 → 9002 [ACK] Seq=42210 Ack=839557 Win=11903 Len=0"
"24.860961","172.19.0.3","5.9.29.183","TLSv1.2","599","Application Data"
"24.861277","5.9.29.183","172.19.0.3","TCP","56","9002 → 43520 [ACK] Seq=839557 Ack=42753 Win=65535 Len=0"
"24.892137","5.9.29.183","172.19.0.3","TCP","1504","[TCP segment of a reassembled PDU]"
"24.892181","5.9.29.183","172.19.0.3","TCP","1516","9002 → 43520 [PSH, ACK] Seq=841005 Ack=42753 Win=65535 Len=1460 [TCP segment of a reassembled PDU]"
"24.892190","5.9.29.183","172.19.0.3","TLSv1.2","261","Application Data"
"24.892290","172.19.0.3","5.9.29.183","TCP","56","43520 → 9002 [ACK] Seq=42753 Ack=842670 Win=11895 Len=0"
"25.024417","5.9.29.183","172.19.0.3","TCP","1516","[TCP segment of a reassembled PDU]"
"25.024584","5.9.29.183","172.19.0.3","TCP","1492","9002 → 43520 [PSH, ACK] Seq=844130 Ack=42753 Win=65535 Len=1436 [TCP segment of a reassembled PDU]"
"25.024613","172.19.0.3","5.9.29.183","TCP","56","43520 → 9002 [ACK] Seq=42753 Ack=845566 Win=11903 Len=0"
"25.024703","5.9.29.183","172.19.0.3","TLSv1.2","273","Application Data"
"25.026492","172.19.0.3","5.9.29.183","TLSv1.2","599","Application Data"
"25.026893","5.9.29.183","172.19.0.3","TCP","56","9002 → 43520 [ACK] Seq=845783 Ack=43296 Win=65535 Len=0"
"25.035058","172.19.0.3","5.9.29.183","TLSv1.2","599","Application Data"
"25.035332","5.9.29.183","172.19.0.3","TCP","56","9002 → 43520 [ACK] Seq=845783 Ack=43839 Win=65535 Len=0"
"25.711008","5.9.29.183","172.19.0.3","TLSv1.2","599","Application Data"
"25.711580","172.19.0.3","5.9.29.183","TLSv1.2","599","Application Data"
"25.711903","5.9.29.183","172.19.0.3","TCP","56","9002 → 43520 [ACK] Seq=846326 Ack=44382 Win=65535 Len=0"
"26.115968","5.9.29.183","172.19.0.3","TLSv1.2","599","Application Data"
"26.144972","5.9.29.183","172.19.0.3","TCP","1504","[TCP segment of a reassembled PDU]"
"26.145125","5.9.29.183","172.19.0.3","TCP","1504","9002 → 43520 [PSH, ACK] Seq=848317 Ack=44382 Win=65535 Len=1448 [TCP segment of a reassembled PDU]"
"26.145135","5.9.29.183","172.19.0.3","TLSv1.2","787","Application Data"
"26.145218","172.19.0.3","5.9.29.183","TCP","56","43520 → 9002 [ACK] Seq=44382 Ack=850496 Win=11893 Len=0"
"26.154968","5.9.29.183","172.19.0.3","TCP","1516","[TCP segment of a reassembled PDU]"
"26.155004","5.9.29.183","172.19.0.3","TCP","1492","9002 → 43520 [PSH, ACK] Seq=851956 Ack=44382 Win=65535 Len=1436 [TCP segment of a reassembled PDU]"
"26.155023","172.19.0.3","5.9.29.183","TCP","56","43520 → 9002 [ACK] Seq=44382 Ack=853392 Win=11903 Len=0"
"26.160759","5.9.29.183","172.19.0.3","TLSv1.2","1330","Application Data, Application Data"
"26.208983","172.19.0.3","5.9.29.183","TCP","56","43520 → 9002 [ACK] Seq=44382 Ack=854666 Win=11911 Len=0"
"26.263482","5.9.29.183","172.19.0.3","TCP","1516","[TCP segment of a reassembled PDU]"
"26.263509","172.19.0.3","5.9.29.183","TCP","56","43520 → 9002 [ACK] Seq=44382 Ack=856126 Win=11911 Len=0"
"26.263520","5.9.29.183","172.19.0.3","TCP","520","9002 → 43520 [PSH, ACK] Seq=856126 Ack=44382 Win=65535 Len=464 [TCP segment of a reassembled PDU]"
"26.263531","172.19.0.3","5.9.29.183","TCP","56","43520 → 9002 [ACK] Seq=44382 Ack=856590 Win=11908 Len=0"
"26.263709","5.9.29.183","172.19.0.3","TCP","1516","9002 → 43520 [PSH, ACK] Seq=856590 Ack=44382 Win=65535 Len=1460 [TCP segment of a reassembled PDU]"
"26.263718","172.19.0.3","5.9.29.183","TCP","56","43520 → 9002 [ACK] Seq=44382 Ack=858050 Win=11911 Len=0"
"26.263810","5.9.29.183","172.19.0.3","TLSv1.2","1516","Application Data [TCP segment of a reassembled PDU]"
"26.263823","172.19.0.3","5.9.29.183","TCP","56","43520 → 9002 [ACK] Seq=44382 Ack=859510 Win=11903 Len=0"
"26.263826","5.9.29.183","172.19.0.3","TCP","737","9002 → 43520 [PSH, ACK] Seq=859510 Ack=44382 Win=65535 Len=681 [TCP segment of a reassembled PDU]"
"26.263831","172.19.0.3","5.9.29.183","TCP","56","43520 → 9002 [ACK] Seq=44382 Ack=860191 Win=11898 Len=0"
"26.277711","5.9.29.183","172.19.0.3","TLSv1.2","1516","Application Data [TCP segment of a reassembled PDU]"
"26.277810","172.19.0.3","5.9.29.183","TCP","56","43520 → 9002 [ACK] Seq=44382 Ack=861651 Win=11911 Len=0"
"26.277862","5.9.29.183","172.19.0.3","TCP","1492","9002 → 43520 [PSH, ACK] Seq=861651 Ack=44382 Win=65535 Len=1436 [TCP segment of a reassembled PDU]"
"26.277874","172.19.0.3","5.9.29.183","TCP","56","43520 → 9002 [ACK] Seq=44382 Ack=863087 Win=11903 Len=0"
"26.277969","5.9.29.183","172.19.0.3","TCP","1516","9002 → 43520 [PSH, ACK] Seq=863087 Ack=44382 Win=65535 Len=1460 [TCP segment of a reassembled PDU]"
"26.277978","172.19.0.3","5.9.29.183","TCP","56","43520 → 9002 [ACK] Seq=44382 Ack=864547 Win=11895 Len=0"
"26.277980","5.9.29.183","172.19.0.3","TLSv1.2","1516","Application Data [TCP segment of a reassembled PDU]"
"26.277988","172.19.0.3","5.9.29.183","TCP","56","43520 → 9002 [ACK] Seq=44382 Ack=866007 Win=11887 Len=0"
"26.277989","5.9.29.183","172.19.0.3","TCP","1480","9002 → 43520 [PSH, ACK] Seq=866007 Ack=44382 Win=65535 Len=1424 [TCP segment of a reassembled PDU]"
"26.278012","172.19.0.3","5.9.29.183","TCP","56","43520 → 9002 [ACK] Seq=44382 Ack=867431 Win=11879 Len=0"
"26.278510","5.9.29.183","172.19.0.3","TCP","1516","9002 → 43520 [PSH, ACK] Seq=867431 Ack=44382 Win=65535 Len=1460 [TCP segment of a reassembled PDU]"
"26.278525","172.19.0.3","5.9.29.183","TCP","56","43520 → 9002 [ACK] Seq=44382 Ack=868891 Win=11911 Len=0"
"26.278566","5.9.29.183","172.19.0.3","TLSv1.2","1516","Application Data [TCP segment of a reassembled PDU]"
"26.278577","172.19.0.3","5.9.29.183","TCP","56","43520 → 9002 [ACK] Seq=44382 Ack=870351 Win=11903 Len=0"
"26.278580","5.9.29.183","172.19.0.3","TCP","1480","9002 → 43520 [PSH, ACK] Seq=870351 Ack=44382 Win=65535 Len=1424 [TCP segment of a reassembled PDU]"
"26.278585","172.19.0.3","5.9.29.183","TCP","56","43520 → 9002 [ACK] Seq=44382 Ack=871775 Win=11895 Len=0"
"26.279162","5.9.29.183","172.19.0.3","TLSv1.2","1082","Application Data"
"26.279287","172.19.0.3","5.9.29.183","TCP","56","43520 → 9002 [ACK] Seq=44382 Ack=872801 Win=11911 Len=0"
"26.279462","172.19.0.3","5.9.29.183","TLSv1.2","599","Application Data"
"26.279651","5.9.29.183","172.19.0.3","TCP","56","9002 → 43520 [ACK] Seq=872801 Ack=44925 Win=65535 Len=0"
"26.298284","5.9.29.183","172.19.0.3","TLSv1.2","1113","Application Data"
"26.345070","172.19.0.3","5.9.29.183","TCP","56","43520 → 9002 [ACK] Seq=44925 Ack=873858 Win=11911 Len=0"
"26.357389","5.9.29.183","172.19.0.3","TCP","1516","[TCP segment of a reassembled PDU]"
"26.357463","5.9.29.183","172.19.0.3","TCP","1516","9002 → 43520 [PSH, ACK] Seq=875318 Ack=44925 Win=65535 Len=1460 [TCP segment of a reassembled PDU]"
"26.357480","5.9.29.183","172.19.0.3","TLSv1.2","763","Application Data"
"26.357644","172.19.0.3","5.9.29.183","TCP","56","43520 → 9002 [ACK] Seq=44925 Ack=877485 Win=11895 Len=0"
"26.364781","5.9.29.183","172.19.0.3","TCP","1504","[TCP segment of a reassembled PDU]"
"26.365004","5.9.29.183","172.19.0.3","TCP","1516","9002 → 43520 [PSH, ACK] Seq=878933 Ack=44925 Win=65535 Len=1460 [TCP segment of a reassembled PDU]"
"26.365021","172.19.0.3","5.9.29.183","TCP","56","43520 → 9002 [ACK] Seq=44925 Ack=880393 Win=11903 Len=0"
"26.365053","5.9.29.183","172.19.0.3","TLSv1.2","1516","Application Data [TCP segment of a reassembled PDU]"
"26.365060","5.9.29.183","172.19.0.3","TCP","1480","9002 → 43520 [PSH, ACK] Seq=881853 Ack=44925 Win=65535 Len=1424 [TCP segment of a reassembled PDU]"
"26.365092","172.19.0.3","5.9.29.183","TCP","56","43520 → 9002 [ACK] Seq=44925 Ack=883277 Win=11887 Len=0"
"26.365130","5.9.29.183","172.19.0.3","TCP","1504","9002 → 43520 [PSH, ACK] Seq=883277 Ack=44925 Win=65535 Len=1448 [TCP segment of a reassembled PDU]"
"26.365284","172.19.0.3","5.9.29.183","TCP","56","43520 → 9002 [ACK] Seq=44925 Ack=884725 Win=11911 Len=0"
"26.372658","5.9.29.183","172.19.0.3","TLSv1.2","584","Application Data"
"26.373013","172.19.0.3","5.9.29.183","TCP","56","43520 → 9002 [ACK] Seq=44925 Ack=885253 Win=11911 Len=0"
"26.376511","5.9.29.183","172.19.0.3","TCP","1504","[TCP segment of a reassembled PDU]"
"26.376741","5.9.29.183","172.19.0.3","TCP","1516","9002 → 43520 [PSH, ACK] Seq=886701 Ack=44925 Win=65535 Len=1460 [TCP segment of a reassembled PDU]"
"26.376785","5.9.29.183","172.19.0.3","TLSv1.2","1516","Application Data [TCP segment of a reassembled PDU]"
"26.376804","5.9.29.183","172.19.0.3","TCP","1480","9002 → 43520 [PSH, ACK] Seq=889621 Ack=44925 Win=65535 Len=1424 [TCP segment of a reassembled PDU]"
"26.376859","172.19.0.3","5.9.29.183","TCP","56","43520 → 9002 [ACK] Seq=44925 Ack=891045 Win=11887 Len=0"
"26.388319","5.9.29.183","172.19.0.3","TCP","1516","9002 → 43520 [PSH, ACK] Seq=891045 Ack=44925 Win=65535 Len=1460 [TCP segment of a reassembled PDU]"
"26.388390","5.9.29.183","172.19.0.3","TLSv1.2","1516","Application Data [TCP segment of a reassembled PDU]"
"26.388408","172.19.0.3","5.9.29.183","TCP","56","43520 → 9002 [ACK] Seq=44925 Ack=893965 Win=11903 Len=0"
"26.388411","5.9.29.183","172.19.0.3","TCP","1516","9002 → 43520 [PSH, ACK] Seq=893965 Ack=44925 Win=65535 Len=1460 [TCP segment of a reassembled PDU]"
"26.388415","5.9.29.183","172.19.0.3","TCP","1468","9002 → 43520 [PSH, ACK] Seq=895425 Ack=44925 Win=65535 Len=1412 [TCP segment of a reassembled PDU]"
"26.388418","5.9.29.183","172.19.0.3","TLSv1.2","924","Application Data, Application Data"
"26.388579","172.19.0.3","5.9.29.183","TCP","56","43520 → 9002 [ACK] Seq=44925 Ack=897705 Win=11879 Len=0"
"26.388946","172.19.0.3","5.9.29.183","TLSv1.2","599","Application Data"
"26.389300","5.9.29.183","172.19.0.3","TCP","56","9002 → 43520 [ACK] Seq=897705 Ack=45468 Win=65535 Len=0"
"26.403776","5.9.29.183","172.19.0.3","TLSv1.2","1113","Application Data"
"26.404098","172.19.0.3","5.9.29.183","TLSv1.2","599","Application Data"
"26.404390","5.9.29.183","172.19.0.3","TCP","56","9002 → 43520 [ACK] Seq=898762 Ack=46011 Win=65535 Len=0"
"26.450874","5.9.29.183","172.19.0.3","TLSv1.2","599","Application Data"
"26.467290","5.9.29.183","172.19.0.3","TCP","1516","[TCP segment of a reassembled PDU]"
"26.467313","172.19.0.3","5.9.29.183","TCP","56","43520 → 9002 [ACK] Seq=46011 Ack=900765 Win=11911 Len=0"
"26.467372","5.9.29.183","172.19.0.3","TLSv1.2","1195","Application Data"
"26.504628","5.9.29.183","172.19.0.3","TCP","1516","[TCP segment of a reassembled PDU]"
"26.504649","172.19.0.3","5.9.29.183","TCP","56","43520 → 9002 [ACK] Seq=46011 Ack=903364 Win=11911 Len=0"
"26.504705","5.9.29.183","172.19.0.3","TCP","1516","9002 → 43520 [PSH, ACK] Seq=903364 Ack=46011 Win=65535 Len=1460 [TCP segment of a reassembled PDU]"
"26.504773","5.9.29.183","172.19.0.3","TLSv1.2","763","Application Data"
"26.504922","172.19.0.3","5.9.29.183","TCP","56","43520 → 9002 [ACK] Seq=46011 Ack=905531 Win=11895 Len=0"
"26.594803","5.9.29.183","172.19.0.3","TCP","1516","[TCP segment of a reassembled PDU]"
"26.594865","5.9.29.183","172.19.0.3","TLSv1.2","1195","Application Data"
"26.594886","172.19.0.3","5.9.29.183","TCP","56","43520 → 9002 [ACK] Seq=46011 Ack=908130 Win=11903 Len=0"
"26.599787","172.19.0.3","5.9.29.183","TLSv1.2","599","Application Data"
"26.600112","5.9.29.183","172.19.0.3","TCP","56","9002 → 43520 [ACK] Seq=908130 Ack=46554 Win=65535 Len=0"
"27.012853","5.9.29.183","172.19.0.3","TLSv1.2","599","Application Data"
"27.013747","172.19.0.3","5.9.29.183","TLSv1.2","599","Application Data"
"27.014108","5.9.29.183","172.19.0.3","TCP","56","9002 → 43520 [ACK] Seq=908673 Ack=47097 Win=65535 Len=0"
"27.865601","5.9.29.183","172.19.0.3","TLSv1.2","599","Application Data"
"27.878804","5.9.29.183","172.19.0.3","TCP","1504","[TCP segment of a reassembled PDU]"
"27.878835","172.19.0.3","5.9.29.183","TCP","56","43520 → 9002 [ACK] Seq=47097 Ack=910664 Win=11911 Len=0"
"27.879009","5.9.29.183","172.19.0.3","TCP","1504","9002 → 43520 [PSH, ACK] Seq=910664 Ack=47097 Win=65535 Len=1448 [TCP segment of a reassembled PDU]"
"27.880373","5.9.29.183","172.19.0.3","TLSv1.2","787","Application Data"
"27.880386","172.19.0.3","5.9.29.183","TCP","56","43520 → 9002 [ACK] Seq=47097 Ack=912843 Win=11911 Len=0"
"27.942099","5.9.29.183","172.19.0.3","TCP","1516","[TCP segment of a reassembled PDU]"
"27.942171","5.9.29.183","172.19.0.3","TCP","1516","9002 → 43520 [PSH, ACK] Seq=914303 Ack=47097 Win=65535 Len=1460 [TCP segment of a reassembled PDU]"
"27.942187","5.9.29.183","172.19.0.3","TLSv1.2","763","Application Data"
"27.942339","172.19.0.3","5.9.29.183","TCP","56","43520 → 9002 [ACK] Seq=47097 Ack=916470 Win=11895 Len=0"
"27.972744","5.9.29.183","172.19.0.3","TCP","1516","[TCP segment of a reassembled PDU]"
"27.973030","5.9.29.183","172.19.0.3","TCP","1492","9002 → 43520 [PSH, ACK] Seq=917930 Ack=47097 Win=65535 Len=1436 [TCP segment of a reassembled PDU]"
"27.973080","172.19.0.3","5.9.29.183","TCP","56","43520 → 9002 [ACK] Seq=47097 Ack=919366 Win=11911 Len=0"
"27.973187","5.9.29.183","172.19.0.3","TLSv1.2","273","Application Data"
"28.013819","172.19.0.3","5.9.29.183","TCP","56","43520 → 9002 [ACK] Seq=47097 Ack=919583 Win=11911 Len=0"
